1.791330060452573452e-20
1.790392263314729761e-20
1.789067805317367456e-20
1.787399160609485078e-20
1.785429509257055663e-20
1.783209909246007595e-20
1.780787048580437383e-20
1.778201267305984178e-20
1.775486537861982386e-20
1.772670591939447615e-20
1.769775312473703705e-20
1.766817401515854605e-20
1.763809191255674516e-20
1.760759468978024003e-20
1.757674236224531513e-20
1.754557365960993075e-20
1.751411148988031048e-20
1.748236735381147639e-20
1.745034483220321835e-20
1.741804228832315417e-20
1.738545492425633457e-20
1.735257631607343585e-20
1.731939953512883122e-20
1.728591794504582687e-20
1.725212574763952113e-20
1.721801833682727703e-20
1.718359250757734567e-20
1.714884655703679950e-20
1.711378030690401626e-20
1.707839506960867208e-20
1.704269357567076166e-20
1.700667987549313015e-20
1.697035922559793188e-20
1.693373796677773122e-20
1.689682339965100653e-20
1.685962366157979525e-20
1.682214760772572904e-20
1.678440469812024561e-20
1.674640489193950883e-20
1.670815854966391461e-20
1.666967634341878456e-20
1.663096917551923236e-20
1.659204810504178260e-20
1.655292428211010331e-20
1.651360888949106603e-20
1.647411309104168179e-20
1.643444798651907186e-20
1.639462457225447689e-20
1.635465370719683098e-20
1.631454608384528180e-20
1.627431220360987810e-20
1.623396235616554951e-20
1.619350660239107861e-20
1.615295476051382247e-20
1.611231639511021818e-20
1.607160080864003577e-20
1.603081703522058099e-20
1.598997383637292692e-20
1.594907969849759460e-20
1.590814283186001825e-20
1.586717117088783666e-20
1.582617237560272577e-20
1.578515383402640583e-20
1.574412266541936939e-20
1.570308572422426505e-20
1.566204960460111635e-20
1.562102064545387862e-20
1.558000493585920813e-20
1.553900832081864911e-20
1.549803640726523912e-20
1.545709457026307148e-20
1.541618795934702637e-20
1.537532150495525946e-20
1.533449992491441892e-20
1.529372773094215364e-20
1.525300923513615506e-20
1.521234855642420784e-20
1.517174962695233401e-20
1.513121619839237002e-20
1.509075184815292830e-20
1.505035998548054170e-20
1.501004385743982041e-20
1.496980655476379823e-20
1.492965101756758286e-20
1.488958004091947543e-20
1.484959628026569526e-20
1.480970225670575470e-20
1.476990036211657938e-20
1.473019286412472362e-20
1.469058191092609442e-20
1.465106953595434240e-20
1.461165766239851273e-20
1.457234810757202918e-20
1.453314258713468768e-20
1.449404271917045789e-20
1.445505002812335877e-20
1.441616594859486880e-20
1.437739182900532647e-20
1.433872893512325405e-20
1.430017845346541843e-20
1.426174149457156801e-20
1.422341909615693926e-20
1.418521222614636382e-20
1.414712178559337336e-20
1.410914861148802189e-20
1.407129347945666040e-20
1.403355710635745546e-20
1.399594015277495598e-20
1.395844322541704243e-20
1.392106687941779141e-20
1.388381162054932787e-20
1.384667790734590624e-20
1.380966615314347622e-20
1.377277672803762528e-20
1.373600996076286804e-20
1.369936614049633680e-20
1.366284551858848841e-20
1.362644831022357788e-20
1.359017469601278159e-20
1.355402482352211275e-20
1.351799880873800748e-20
1.348209673747269088e-20
1.344631866671196543e-20
1.341066462590725113e-20
1.337513461821443547e-20
1.333972862168140483e-20
1.330444659038640447e-20
1.326928845552915312e-20
1.323425412647646040e-20
1.319934349176447174e-20
1.316455642005901531e-20
1.312989276107583994e-20
1.309535234646244272e-20
1.306093499064303774e-20
1.302664049162797471e-20
1.299246863178951865e-20
1.295841917860488569e-20
1.292449188536814497e-20
1.289068649187243875e-20
1.285700272506343841e-20
1.282344029966539801e-20
1.278999891878103939e-20
1.275667827446624064e-20
1.272347804828071810e-20
1.269039791181559582e-20
1.265743752719899371e-20
1.262459654758043053e-20
1.259187461759510244e-20
1.255927137380872613e-20
1.252678644514402850e-20
1.249441945328939438e-20
1.246217001309067896e-20
1.243003773292674451e-20
1.239802221506962887e-20
1.236612305602975186e-20
1.233433984688703225e-20
1.230267217360843452e-20
1.227111961735256519e-20
1.223968175476180782e-20
1.220835815824266619e-20
1.217714839623471588e-20
1.214605203346871352e-20
1.211506863121437969e-20
1.208419774751814295e-20
1.205343893743143625e-20
1.202279175322993548e-20
1.199225574462405911e-20
1.196183045896107643e-20
1.193151544141939784e-20
1.190131023519502889e-20
1.187121438168088794e-20
1.184122742063904593e-20
1.181134889036619243e-20
1.178157832785281366e-20
1.175191526893605124e-20
1.172235924844678595e-20
1.169290980035095145e-20
1.166356645788544617e-20
1.163432875368885734e-20
1.160519621992710685e-20
1.157616838841434098e-20
1.154724479072919035e-20
1.151842495832654910e-20
1.148970842264512604e-20
1.146109471521091522e-20
1.143258336773661756e-20
1.140417391221735507e-20
1.137586588102271973e-20
1.134765880698525800e-20
1.131955222348560134e-20
1.129154566453428374e-20
1.126363866485044443e-20
1.123583075993752606e-20
1.120812148615593034e-20
1.118051038079298348e-20
1.115299698213002024e-20
1.112558082950699892e-20
1.109826146338446055e-20
1.107103842540300561e-20
1.104391125844049708e-20
1.101687950666691488e-20
1.098994271559693529e-20
1.096310043214048050e-20
1.093635220465107159e-20
1.090969758297223284e-20
1.088313611848196420e-20
1.085666736413530431e-20
1.083029087450504590e-20
1.080400620582074186e-20
1.077781291600598103e-20
1.075171056471399981e-20
1.072569871336168242e-20
1.069977692516204735e-20
1.067394476515521577e-20
1.064820180023789327e-20
1.062254759919148241e-20
1.059698173270884265e-20
1.057150377341963136e-20
1.054611329591448326e-20
1.052080987676791093e-20
1.049559309455995800e-20
1.047046252989673435e-20
1.044541776542980183e-20
1.042045838587450967e-20
1.039558397802717895e-20
1.037079413078143834e-20
1.034608843514333218e-20
1.032146648424569716e-20
1.029692787336143027e-20
1.027247219991602683e-20
1.024809906349912257e-20
1.022380806587519605e-20
1.019959881099359858e-20
1.017547090499760605e-20
1.015142395623286297e-20
1.012745757525504704e-20
1.010357137483675587e-20
1.007976496997384146e-20
1.005603797789093373e-20
1.003239001804646902e-20
1.000882071213695718e-20
9.985329684100821421e-21
9.961916560121460252e-21
9.938580968629946771e-21
9.915322540307043378e-21
9.892140908084810224e-21
9.869035707147614825e-21
9.846006574932750461e-21
9.823053151130517426e-21
9.800175077683919096e-21
9.777371998787841903e-21
9.754643560887925351e-21
9.731989412678940030e-21
9.709409205102815035e-21
9.686902591346302781e-21
9.664469226838252606e-21
9.642108769246565394e-21
9.619820878474788592e-21
9.597605216658425347e-21
9.575461448160885536e-21
9.553389239569173493e-21
9.531388259689243202e-21
9.509458179541174449e-21
9.487598672353944220e-21
9.465809413560014542e-21
9.444090080789693111e-21
9.422440353865185487e-21
9.400859914794486279e-21
9.379348447764948349e-21
9.357905639136769254e-21
9.336531177436133130e-21
9.315224753348239729e-21
9.293986059710119797e-21
9.272814791503191658e-21
9.251710645845778671e-21
9.230673321985283640e-21
9.209702521290342148e-21
9.188797947242679491e-21
9.167959305428898388e-21
9.147186303532105700e-21
9.126478651323281859e-21
9.105836060652665339e-21
9.085258245440897890e-21
9.064744921669996747e-21
9.044295807374302752e-21
9.023910622631196777e-21
9.003589089551784538e-21
8.983330932271322618e-21
8.963135876939670067e-21
8.943003651711538382e-21
8.922933986736634659e-21
8.902926614149737032e-21
8.882981268060573013e-21
8.863097684543715876e-21
8.843275601628241822e-21
8.823514759287396148e-21
8.803814899428118006e-21
8.784175765880420696e-21
8.764597104386790028e-21
8.745078662591341937e-21
8.725620190029050819e-21
8.706221438114764202e-21
8.686882160132157242e-21
8.667602111222646588e-21
8.648381048374197415e-21
8.629218730410002573e-21
8.610114917977170751e-21
8.591069373535252155e-21
8.572081861344706995e-21
8.553152147455367968e-21
8.534279999694729695e-21
8.515465187656200552e-21
8.496707482687325909e-21
8.478006657877895510e-21
8.459362488047975629e-21
8.440774749735911121e-21
8.422243221186235707e-21
8.403767682337546129e-21
8.385347914810277015e-21
8.366983701894424578e-21
8.348674828537253768e-21
8.330421081330900095e-21
8.312222248499909768e-21
8.294078119888763276e-21
8.275988486949344813e-21
8.257953142728324422e-21
8.239971881854499519e-21
8.222044500526113854e-21
8.204170796498132826e-21
8.186350569069416490e-21
8.168583619069927171e-21
8.150869748847827235e-21
8.133208762256597932e-21
8.115600464642064943e-21
8.098044662829411898e-21
8.080541165110198403e-21
8.063089781229259203e-21
8.045690322371642464e-21
8.028342601149508937e-21
8.011046431588984475e-21
7.993801629116968919e-21
7.976608010548000654e-21
7.959465394070996280e-21
7.942373599236067018e-21
7.925332446941232805e-21
7.908341759419196573e-21
7.891401360224032757e-21
7.874511074217939012e-21
7.857670727557909674e-21
7.840880147682458881e-21
7.824139163298292539e-21
7.807447604366993827e-21
7.790805302091740293e-21
7.774212088903951750e-21
7.757667798450008878e-21
7.741172265577943244e-21
7.724725326324146880e-21
7.708326817900044249e-21
7.691976578678880059e-21
7.675674448182407782e-21
7.659420267067662425e-21
7.643213877113737819e-21
7.627055121208542837e-21
7.610943843335655423e-21
7.594879888561131473e-21
7.578863103020366383e-21
7.562893333905015277e-21
7.546970429449883139e-21
7.531094238919875135e-21
7.515264612597010129e-21
7.499481401767422156e-21
7.483744458708435633e-21
7.468053636675654097e-21
7.452408789890125696e-21
7.436809773525508666e-21
7.421256443695334614e-21
7.405748657440259771e-21
7.390286272715442620e-21
7.374869148377895957e-21
7.359497144173935243e-21
7.344170120726694670e-21
7.328887939523662775e-21
7.313650462904309853e-21
7.298457554047763505e-21
7.283309076960547388e-21
7.268204896464383154e-21
7.253144878184070639e-21
7.238128888535432738e-21
7.223156794713315965e-21
7.208228464679688801e-21
7.193343767151777674e-21
7.178502571590318776e-21
7.163704748187876102e-21
7.148950167857189570e-21
7.134238702219693170e-21
7.119570223594024081e-21
7.104944604984673230e-21
7.090361720070699039e-21
7.075821443194523928e-21
7.061323649350830129e-21
7.046868214175520193e-21
7.032455013934814421e-21
7.018083925514355819e-21
7.003754826408509149e-21
6.989467594709673521e-21
6.975222109097719876e-21
6.961018248829536791e-21
6.946855893728622938e-21
6.932734924174845050e-21
6.918655221094245534e-21
6.904616665948961437e-21
6.890619140727241200e-21
6.876662527933577286e-21
6.862746710578926059e-21
6.848871572171016449e-21
6.835036996704806063e-21
6.821242868652997486e-21
6.807489072956680973e-21
6.793775495016065906e-21
6.780102020681346170e-21
6.766468536243650543e-21
6.752874928426093885e-21
6.739321084374959999e-21
6.725806891650973250e-21
6.712332238220698084e-21
6.698897012447998738e-21
6.685501103085683255e-21
6.672144399267193402e-21
6.658826790498448054e-21
6.645548166649752784e-21
6.632308417947855401e-21
6.619107434968118099e-21
6.605945108626742268e-21
6.592821330173173106e-21
6.579735991182591502e-21
6.566688983548499206e-21
6.553680199475430387e-21
6.540709531471760244e-21
6.527776872342662568e-21
6.514882115183121476e-21
6.502025153371110914e-21
6.489205880560839604e-21
6.476424190676136680e-21
6.463679977903920078e-21
6.450973136687813131e-21
6.438303561721832634e-21
6.425671147944204803e-21
6.413075790531309129e-21
6.400517384891666617e-21
