1.065278847175011029e-19
1.055447502007981184e-19
1.043876364528172665e-19
1.030583936987469113e-19
1.015736943934870488e-19
9.996816360694656119e-20
9.826923071494721641e-20
9.650090719121602776e-20
9.468683614760151614e-20
9.284973365390458712e-20
9.100998817745967778e-20
8.918474889823663319e-20
8.738766146254440076e-20
8.562904820697863867e-20
8.391631540490017444e-20
8.225443821835809727e-20
8.064643828775319353e-20
7.909381261993483294e-20
7.759689844015337544e-20
7.615517273612556747e-20
7.476749203143910065e-20
7.343228061105849141e-20
7.214767590784004815e-20
7.091163917023300494e-20
6.972203849729633274e-20
6.857671018315903862e-20
6.747350322505109766e-20
6.641031088857582243e-20
6.538509241217870311e-20
6.439588726556689015e-20
6.344082383882750106e-20
6.251812401094530071e-20
6.162610470927466452e-20
6.076317730797889917e-20
5.992784550867130573e-20
5.911870218816188585e-20
5.833442557631145846e-20
5.757377503349912075e-20
5.683558662576316105e-20
5.611876864129262620e-20
5.542229715071459600e-20
5.474521168250703777e-20
5.408661106152399421e-20
5.344564944120423330e-20
5.282153254717302029e-20
5.221351414052887441e-20
5.162089270231057836e-20
5.104300833584244557e-20
5.047923988032617035e-20
4.992900222686059033e-20
4.939174382669681004e-20
4.886694438078553386e-20
4.835411269936293015e-20
4.785278472033145353e-20
4.736252167543167412e-20
4.688290839358748010e-20
4.641355173129503831e-20
4.595407912047649724e-20
4.550413722479871213e-20
4.506339069604215292e-20
4.463152102269449021e-20
4.420822546350524473e-20
4.379321605928725688e-20
4.338621871676205576e-20
4.298697235874067719e-20
4.259522813538093841e-20
4.221074869169025690e-20
4.183330748683766395e-20
4.146268816120128581e-20
4.109868394741442277e-20
4.074109712198292528e-20
4.038973849433032830e-20
4.004442693038761472e-20
3.970498890808407626e-20
3.937125810231371374e-20
3.904307499715127705e-20
3.872028652327742202e-20
3.840274571873586466e-20
3.809031141130297212e-20
3.778284792088555052e-20
3.748022478049415492e-20
3.718231647445365278e-20
3.688900219261975794e-20
3.660016559947046637e-20
3.631569461702621668e-20
3.603548122063876544e-20
3.575942124676084531e-20
3.548741421187787525e-20
3.521936314184626456e-20
3.495517441093995674e-20
3.469475758995982180e-20
3.443802530280780560e-20
3.418489309097440037e-20
3.393527928542707877e-20
3.368910488542448042e-20
3.344629344381774429e-20
3.320677095842929368e-20
3.297046576913138673e-20
3.273730846027084387e-20
3.250723176811378984e-20
3.228017049300499408e-20
3.205606141595836655e-20
3.183484321941501559e-20
3.161645641192218008e-20
3.140084325650398877e-20
3.118794770250961259e-20
3.097771532073905466e-20
3.077009324165972099e-20
3.056503009653931846e-20
3.036247596133176136e-20
3.016238230316303515e-20
2.996470192927461916e-20
2.976938893828986960e-20
2.957639867367791273e-20
2.938568767929736185e-20
2.919721365690924946e-20
2.901093542555546936e-20
2.882681288270501179e-20
2.864480696707662430e-20
2.846487962305197173e-20
2.828699376659746742e-20
2.811111325261950791e-20
2.793720284368054560e-20
2.776522818000872430e-20
2.759515575073709476e-20
2.742695286631258571e-20
2.726058763201750657e-20
2.709602892255045291e-20
2.693324635761592384e-20
2.677221027847481590e-20
2.661289172541063346e-20
2.645526241606891270e-20
2.629929472462927635e-20
2.614496166177189835e-20
2.599223685540247798e-20
2.584109453210109883e-20
2.569150949926277952e-20
2.554345712789872971e-20
2.539691333606930510e-20
2.525185457292107553e-20
2.510825780330116047e-20
2.496610049292474873e-20
2.482536059407150872e-20
2.468601653178837073e-20
2.454804719057773389e-20
2.441143190155047225e-20
2.427615043002411049e-20
2.414218296354857120e-20
2.400951010034091437e-20
2.387811283811355645e-20
2.374797256327883719e-20
2.361907104051588700e-20
2.349139040268464312e-20
2.336491314107363260e-20
2.323962209596817267e-20
2.311550044752658462e-20
2.299253170695236892e-20
2.287069970795114105e-20
2.274998859846100732e-20
2.263038283264648914e-20
2.251186716314557770e-20
2.239442663356062936e-20
2.227804657118393871e-20
2.216271257994943381e-20
2.204841053360170961e-20
2.193512656907512919e-20
2.182284708007454578e-20
2.171155871085096800e-20
2.160124835016493713e-20
2.149190312543070995e-20
2.138351039703517775e-20
2.127605775282488581e-20
2.116953300275581807e-20
2.106392417369960943e-20
2.095921950440138595e-20
2.085540744058323242e-20
2.075247663018914049e-20
2.065041591876601182e-20
2.054921434497594936e-20
2.044886113623618972e-20
2.034934570448144342e-20
2.025065764204515823e-20
2.015278671765551088e-20
2.005572287254225395e-20
1.995945621665107196e-20
1.986397702496148611e-20
1.976927573390531673e-20
1.967534293788216748e-20
1.958216938586889785e-20
1.948974597812011703e-20
1.939806376295668965e-20
1.930711393363942791e-20
1.921688782532546023e-20
1.912737691210440859e-20
1.903857280411194620e-20
1.895046724471858679e-20
1.886305210779097004e-20
1.877631939502348871e-20
1.869026123333849381e-20
1.860486987235223128e-20
1.852013768190531826e-20
1.843605714965524640e-20
1.835262087872899830e-20
1.826982158543465152e-20
1.818765209702922272e-20
1.810610534954195763e-20
1.802517438565079764e-20
1.794485235261084954e-20
1.786513250023308900e-20
1.778600817891200664e-20
1.770747283770064104e-20
1.762952002243165056e-20
1.755214337388319606e-20
1.747533662598817210e-20
1.739909360408576954e-20
1.732340822321404231e-20
1.724827448644215741e-20
1.717368648324156074e-20
1.709963838789481891e-20
1.702612445794085811e-20
1.695313903265598019e-20
1.688067653156938592e-20
1.680873145301237496e-20
1.673729837270029574e-20
1.666637194234633624e-20
1.659594688830623813e-20
1.652601801025322082e-20
1.645658017988225489e-20
1.638762833964278822e-20
1.631915750149940699e-20
1.625116274571946885e-20
1.618363921968704902e-20
1.611658213674271799e-20
1.604998677504808543e-20
1.598384847647481847e-20
1.591816264551742718e-20
1.585292474822900170e-20
1.578813031117951583e-20
1.572377492043622169e-20
1.565985422056517539e-20
1.559636391365379150e-20
1.553329975835371001e-20
1.547065756894330781e-20
1.540843321440980649e-20
1.534662261754993831e-20
1.528522175408924548e-20
1.522422665181905595e-20
1.516363338975119875e-20
1.510343809728958929e-20
1.504363695341851912e-20
1.498422618590728901e-20
1.492520207053049916e-20
1.486656093030406296e-20
1.480829913473612550e-20
1.475041309909279079e-20
1.469289928367832347e-20
1.463575419312932558e-20
1.457897437572268676e-20
1.452255642269695271e-20
1.446649696758672383e-20
1.441079268556995753e-20
1.435544029282769285e-20
1.430043654591600470e-20
1.424577824114992894e-20
1.419146221399897619e-20
1.413748533849411090e-20
1.408384452664582864e-20
1.403053672787310879e-20
1.397755892844305926e-20
1.392490815092088891e-20
1.387258145363013560e-20
1.382057593012274661e-20
1.376888870865891197e-20
1.371751695169644332e-20
1.366645785538945732e-20
1.361570864909595751e-20
1.356526659489463952e-20
1.351512898711009975e-20
1.346529315184668953e-20
1.341575644653068702e-20
1.336651625946056397e-20
1.331757000936526010e-20
1.326891514497023055e-20
1.322054914457110056e-20
1.317246951561488110e-20
1.312467379428831636e-20
1.307715954511355435e-20
1.302992436055068758e-20
1.298296586060724069e-20
1.293628169245426340e-20
1.288986953004905889e-20
1.284372707376432495e-20
1.279785205002353173e-20
1.275224221094254088e-20
1.270689533397716331e-20
1.266180922157674610e-20
1.261698170084334915e-20
1.257241062319682286e-20
1.252809386404521090e-20
1.248402932246075605e-20
1.244021492086108512e-20
1.239664860469574126e-20
1.235332834213768158e-20
1.231025212377992814e-20
1.226741796233696306e-20
1.222482389235105576e-20
1.218246796990323057e-20
1.214034827232881439e-20
1.209846289793759154e-20
1.205680996573832353e-20
1.201538761516762182e-20
1.197419400582301839e-20
1.193322731720035919e-20
1.189248574843510964e-20
1.185196751804774362e-20
1.181167086369309733e-20
1.177159404191351010e-20
1.173173532789573750e-20
1.169209301523166807e-20
1.165266541568250370e-20
1.161345085894665503e-20
1.157444769243106732e-20
1.153565428102593931e-20
1.149706900688286515e-20
1.145869026919621726e-20
1.142051648398781530e-20
1.138254608389471883e-20
1.134477751796017812e-20
1.130720925142758672e-20
1.126983976553749749e-20
1.123266755732751697e-20
1.119569113943510520e-20
1.115890903990329452e-20
1.112231980198902043e-20
1.108592198397435488e-20
1.104971415898031245e-20
1.101369491478333485e-20
1.097786285363434073e-20
1.094221659208037408e-20
1.090675476078863586e-20
1.087147600437305560e-20
1.083637898122326571e-20
1.080146236333592924e-20
1.076672483614828228e-20
1.073216509837418017e-20
1.069778186184218247e-20
1.066357385133597914e-20
1.062953980443684192e-20
1.059567847136841245e-20
1.056198861484334107e-20
1.052846900991215398e-20
1.049511844381412306e-20
1.046193571583002402e-20
1.042891963713698299e-20
1.039606903066516170e-20
1.036338273095634162e-20
1.033085958402442188e-20
1.029849844721765968e-20
1.026629818908284850e-20
1.023425768923110342e-20
1.020237583820552264e-20
1.017065153735047852e-20
1.013908369868267503e-20
1.010767124476380773e-20
1.007641310857488930e-20
1.004530823339216695e-20
1.001435557266465438e-20
9.983554089893204459e-21
9.952902758511139124e-21
9.922400561766350927e-21
9.892046492604975336e-21
9.861839553556432280e-21
9.831778756620035523e-21
9.801863123152938146e-21
9.772091683759477339e-21
9.742463478181983201e-21
9.712977555192910110e-21
9.683632972488277132e-21
9.654428796582531798e-21
9.625364102704555913e-21
9.596437974695221124e-21
9.567649504905904451e-21
9.538997794098523497e-21
9.510481951346639940e-21
9.482101093937884105e-21
9.453854347277485427e-21
9.425740844793104434e-21
9.397759727840723983e-21
9.369910145611748720e-21
9.342191255041261598e-21
9.314602220717363741e-21
9.287142214791650293e-21
9.259810416890741023e-21
9.232606014028949933e-21
9.205528200521985543e-21
9.178576177901674323e-21
9.151749154831806581e-21
9.125046347024918236e-21
9.098466977160121316e-21
9.072010274801962124e-21
9.045675476320230329e-21
9.019461824810717479e-21
8.993368570016998670e-21
8.967394968253141065e-21
8.941540282327327227e-21
8.915803781466447441e-21
8.890184741241539141e-21
8.864682443494214882e-21
8.839296176263932905e-21
8.814025233716150923e-21
8.788868916071346574e-21
8.763826529534978271e-21
8.738897386228132165e-21
8.714080804119189243e-21
8.689376106956222185e-21
8.664782624200192671e-21
8.640299690959083077e-21
8.615926647922658606e-21
8.591662841298195394e-21
8.567507622746831536e-21
8.543460349320807347e-21
8.519520383401438383e-21
8.495687092637821211e-21
8.471959849886309564e-21
8.448338033150705179e-21
8.424821025523228053e-21
8.401408215126151731e-21
8.378098995054171361e-21
8.354892763317510518e-21
8.331788922785678032e-21
8.308786881131925974e-21
8.285886050778432873e-21
8.263085848842073747e-21
8.240385697080940932e-21
8.217785021841490854e-21
8.195283254006315215e-21
8.172879828942631392e-21
8.150574186451284415e-21
8.128365770716529850e-21
8.106254030256316217e-21
8.084238417873252019e-21
8.062318390606138507e-21
8.040493409682141924e-21
8.018762940469532984e-21
7.997126452431032729e-21
7.975583419077712081e-21
7.954133317923509807e-21
7.932775630440287628e-21
7.911509842013430018e-21
