9.450448796488025768e-20
9.378307965601051020e-20
9.292441461064383315e-20
9.194789607097436200e-20
9.087189232253498040e-20
8.972119307909179826e-20
8.851375161412491270e-20
8.726448295433832041e-20
8.598784264791220669e-20
8.469772580438882693e-20
8.340665614197159283e-20
8.212521474475319592e-20
8.086185571629331049e-20
7.962299892813631291e-20
7.841326879086856178e-20
7.723578619467104246e-20
7.609245961643787726e-20
7.498424852494557423e-20
7.391138862368137972e-20
7.287357748437193600e-20
7.187012357911673927e-20
7.090006354961093543e-20
6.996225296353596972e-20
6.905543551313577364e-20
6.817829501245844439e-20
6.732949386516925078e-20
6.650770101372959558e-20
6.571161179188639709e-20
6.493996160173087639e-20
6.419153492332118188e-20
6.346517083049953973e-20
6.275976591988677725e-20
6.207427534957346424e-20
6.140771251927332431e-20
6.075914779551041014e-20
6.012770658621173616e-20
5.951256699262842830e-20
5.891295720784236174e-20
5.832815278627213313e-20
5.775747387443241592e-20
5.720028246731387745e-20
5.665597973520014391e-20
5.612400345108025117e-20
5.560382553787536407e-20
5.509494974662430235e-20
5.459690947086029974e-20
5.410926569814982153e-20
5.363160509675046219e-20
5.316353823326661953e-20
5.270469791580541458e-20
5.225473765628314425e-20
5.181333024505917863e-20
5.138016643088660483e-20
5.095495369917605146e-20
5.053741514172078860e-20
5.012728841127491274e-20
4.972432475468421972e-20
4.932828811861585542e-20
4.893895432229162308e-20
4.855611029200292633e-20
4.817955335254737230e-20
4.780909057108405992e-20
4.744453814924280836e-20
4.708572085964598595e-20
4.673247152330719706e-20
4.638463052465139755e-20
4.604204536117027822e-20
4.570457022496757553e-20
4.537206561367992367e-20
4.504439796846295059e-20
4.472143933692896410e-20
4.440306705909573313e-20
4.408916347456812912e-20
4.377961564932438003e-20
4.347431512061085653e-20
4.317315765857562101e-20
4.287604304338422036e-20
4.258287485666250176e-20
4.229356028620805659e-20
4.200800994299704785e-20
4.172613768959263321e-20
4.144786047913239475e-20
4.117309820413932952e-20
4.090177355445990641e-20
4.063381188368803508e-20
4.036914108348588941e-20
4.010769146525469345e-20
3.984939564865495692e-20
3.959418845651183039e-20
3.934200681567692861e-20
3.909278966345048193e-20
3.884647785919887049e-20
3.860301410082641653e-20
3.836234284578961503e-20
3.812441023636151845e-20
3.788916402887711505e-20
3.765655352670886037e-20
3.742652951674123213e-20
3.719904420912622725e-20
3.697405118012153840e-20
3.675150531782204310e-20
3.653136277061366098e-20
3.631358089818477977e-20
3.609811822494659242e-20
3.588493439572004906e-20
3.567399013355958614e-20
3.546524719958933797e-20
3.525866835473870647e-20
3.505421732326953918e-20
3.485185875799469515e-20
3.465155820709478959e-20
3.445328208244455461e-20
3.425699762936742752e-20
3.406267289774062528e-20
3.387027671437913869e-20
3.367977865662932501e-20
3.349114902711062561e-20
3.330435882954354427e-20
3.311937974560876830e-20
3.293618411278412647e-20
3.275474490310976095e-20
3.257503570283468294e-20
3.239703069290058428e-20
3.222070463022141924e-20
3.204603282971939526e-20
3.187299114708080410e-20
3.170155596219651508e-20
3.153170416325427520e-20
3.136341313145215784e-20
3.119666072630347047e-20
3.103142527150511733e-20
3.086768554134414515e-20
3.070542074761674868e-20
3.054461052703658891e-20
3.038523492911067887e-20
3.022727440446091156e-20
3.007070979357220548e-20
2.991552231594771948e-20
2.976169355965365319e-20
2.960920547123644401e-20
2.945804034599641166e-20
2.930818081860218395e-20
2.915960985403192278e-20
2.901231073882727304e-20
2.886626707264657090e-20
2.872146276010565967e-20
2.857788200289375248e-20
2.843550929215316549e-20
2.829432940111261179e-20
2.815432737796333093e-20
2.801548853896867133e-20
2.787779846179743565e-20
2.774124297907266545e-20
2.760580817212715038e-20
2.747148036495738642e-20
2.733824611836882708e-20
2.720609222430463961e-20
2.707500570035137596e-20
2.694497378441432719e-20
2.681598392955672933e-20
2.668802379899648631e-20
2.656108126125447555e-20
2.643514438544883007e-20
2.631020143673033103e-20
2.618624087185306678e-20
2.606325133487594679e-20
2.594122165299027076e-20
2.582014083246889908e-20
2.569999805473252284e-20
2.558078267252908831e-20
2.546248420622253294e-20
2.534509234018655673e-20
2.522859691930038370e-20
2.511298794554252007e-20
2.499825557467960220e-20
2.488439011304660282e-20
2.477138201441566017e-20
2.465922187695059292e-20
2.454790044024390511e-20
2.443740858243381047e-20
2.432773731739855270e-20
2.421887779202549401e-20
2.411082128355254033e-20
2.400355919697930330e-20
2.389708306254632275e-20
2.379138453327947900e-20
2.368645538259790654e-20
2.358228750198338113e-20
2.347887289870901943e-20
2.337620369362570239e-20
2.327427211900404068e-20
2.317307051643058806e-20
2.307259133475621150e-20
2.297282712809531772e-20
2.287377055387416996e-20
2.277541437092683543e-20
2.267775143763744228e-20
2.258077471012714828e-20
2.248447724048466563e-20
2.238885217503878599e-20
2.229389275267203330e-20
2.219959230317372576e-20
2.210594424563179432e-20
2.201294208686188282e-20
2.192057941987273693e-20
2.182884992236679548e-20
2.173774735527515959e-20
2.164726556132556752e-20
2.155739846364285140e-20
2.146814006438070551e-20
2.137948444338381190e-20
2.129142575687980298e-20
2.120395823619992040e-20
2.111707618652755783e-20
2.103077398567425724e-20
2.094504608288193093e-20
2.085988699765106255e-20
2.077529131859376772e-20
2.069125370231131683e-20
2.060776887229537105e-20
2.052483161785228416e-20
2.044243679304983558e-20
2.036057931568593702e-20
2.027925416627857248e-20
2.019845638707634876e-20
2.011818108108961724e-20
2.003842341114079786e-20
1.995917859893436860e-20
1.988044192414507308e-20
1.980220872352474946e-20
1.972447439002661915e-20
1.964723437194708940e-20
1.957048417208422422e-20
1.949421934691293483e-20
1.941843550577597769e-20
1.934312831009072417e-20
1.926829347257129249e-20
1.919392675646540098e-20
1.912002397480589753e-20
1.904658098967646574e-20
1.897359371149118262e-20
1.890105809828767824e-20
1.882897015503331951e-20
1.875732593294457144e-20
1.868612152881872956e-20
1.861535308437812272e-20
1.854501678562629277e-20
1.847510886221585921e-20
1.840562558682800863e-20
1.833656327456307632e-20
1.826791828234220193e-20
1.819968700831967114e-20
1.813186589130572943e-20
1.806445141019972375e-20
1.799744008343313564e-20
1.793082846842249671e-20
1.786461316103193987e-20
1.779879079504517853e-20
1.773335804164634510e-20
1.766831160891032977e-20
1.760364824130134656e-20
1.753936471918053925e-20
1.747545785832177251e-20
1.741192450943577371e-20
1.734876155770213196e-20
1.728596592230956358e-20
1.722353455600344495e-20
1.716146444464128982e-20
1.709975260675543081e-20
1.703839609312299840e-20
1.697739198634304083e-20
1.691673740042053831e-20
1.685642948035722114e-20
1.679646540174915267e-20
1.673684237039079722e-20
1.667755762188544058e-20
1.661860842126196301e-20
1.655999206259765795e-20
1.650170586864722567e-20
1.644374719047753867e-20
1.638611340710817597e-20
1.632880192515780424e-20
1.627181017849586738e-20
1.621513562789986128e-20
1.615877576071799211e-20
1.610272809053689027e-20
1.604699015685461448e-20
1.599155952475860629e-20
1.593643378460858264e-20
1.588161055172424938e-20
1.582708746607775126e-20
1.577286219199083458e-20
1.571893241783642425e-20
1.566529585574480218e-20
1.561195024131407678e-20
1.555889333332500995e-20
1.550612291345998472e-20
1.545363678602618597e-20
1.540143277768276837e-20
1.534950873717203267e-20
1.529786253505447790e-20
1.524649206344773259e-20
1.519539523576913010e-20
1.514456998648213291e-20
1.509401427084616632e-20
1.504372606467021079e-20
1.499370336406970140e-20
1.494394418522692415e-20
1.489444656415477051e-20
1.484520855646371800e-20
1.479622823713212691e-20
1.474750370027963055e-20
1.469903305894366725e-20
1.465081444485907265e-20
1.460284600824068739e-20
1.455512591756882358e-20
1.450765235937773744e-20
1.446042353804687362e-20
1.441343767559488994e-20
1.436669301147647783e-20
1.432018780238179477e-20
1.427392032203860510e-20
1.422788886101699972e-20
1.418209172653662857e-20
1.413652724227647295e-20
1.409119374818710943e-20
1.404608960030530001e-20
1.400121317057104379e-20
1.395656284664692477e-20
1.391213703173982189e-20
1.386793414442471953e-20
1.382395261847092843e-20
1.378019090267037103e-20
1.373664746066803639e-20
1.369332077079455370e-20
1.365020932590081811e-20
1.360731163319474708e-20
1.356462621407986639e-20
1.352215160399608088e-20
1.347988635226221461e-20
1.343782902192056428e-20
1.339597818958331079e-20
1.335433244528074244e-20
1.331289039231137546e-20
1.327165064709378224e-20
1.323061183902026586e-20
1.318977261031222572e-20
1.314913161587722795e-20
1.310868752316780169e-20
1.306843901204187381e-20
1.302838477462483777e-20
1.298852351517319625e-20
1.294885394993990854e-20
1.290937480704114481e-20
1.287008482632473757e-20
1.283098275923998574e-20
1.279206736870914705e-20
1.275333742900019723e-20
1.271479172560125786e-20
1.267642905509628062e-20
1.263824822504224067e-20
1.260024805384772031e-20
1.256242737065280464e-20
1.252478501521044735e-20
1.248731983776905515e-20
1.245003069895648209e-20
1.241291646966527728e-20
1.237597603093924302e-20
1.233920827386125400e-20
1.230261209944232516e-20
1.226618641851193601e-20
1.222993015160957071e-20
1.219384222887741819e-20
1.215792158995435720e-20
1.212216718387101873e-20
1.208657796894608220e-20
1.205115291268368207e-20
1.201589099167195048e-20
1.198079119148271687e-20
1.194585250657223688e-20
1.191107394018311584e-20
1.187645450424721934e-20
1.184199321928972430e-20
1.180768911433416161e-20
1.177354122680856463e-20
1.173954860245260630e-20
1.170571029522578042e-20
1.167202536721656394e-20
1.163849288855260996e-20
1.160511193731190369e-20
1.157188159943491745e-20
1.153880096863768504e-20
1.150586914632590376e-20
1.147308524150987603e-20
1.144044837072052073e-20
1.140795765792616108e-20
1.137561223445036861e-20
1.134341123889058661e-20
1.131135381703773313e-20
1.127943912179667507e-20
1.124766631310753591e-20
1.121603455786791825e-20
1.118454302985595985e-20
1.115319090965427599e-20
1.112197738457467969e-20
1.109090164858378810e-20
1.105996290222945053e-20
1.102916035256793623e-20
1.099849321309205957e-20
1.096796070365990716e-20
1.093756205042454431e-20
1.090729648576444093e-20
1.087716324821459235e-20
1.084716158239857617e-20
1.081729073896118987e-20
1.078754997450200467e-20
1.075793855150951983e-20
1.072845573829620764e-20
1.069910080893413470e-20
1.066987304319143480e-20
1.064077172646946047e-20
1.061179614974058138e-20
1.058294560948681795e-20
1.055421940763904364e-20
1.052561685151693955e-20
1.049713725376967128e-20
1.046877993231714809e-20
1.044054421029206741e-20
1.041242941598249356e-20
1.038443488277522490e-20
1.035655994909973568e-20
1.032880395837279354e-20
1.030116625894368189e-20
1.027364620404011128e-20
1.024624315171474335e-20
1.021895646479227130e-20
1.019178551081724680e-20
1.016472966200235073e-20
1.013778829517745378e-20
1.011096079173911800e-20
1.008424653760077994e-20
1.005764492314347386e-20
1.003115534316717949e-20
1.000477719684273094e-20
9.978509887664271772e-21
9.952352823402306010e-21
9.926305416057269633e-21
9.900367081813729578e-21
9.874537240995055165e-21
