1.478579274611021759e-19
1.472531688328846628e-19
1.465323293780062049e-19
1.457080502567088218e-19
1.447948060434217641e-19
1.438135856452551843e-19
1.427799102640231273e-19
1.417069662023092140e-19
1.406077237670575767e-19
1.394947503368462506e-19
1.383794344441235105e-19
1.372714450490107530e-19
1.361785480204426421e-19
1.351066777736429483e-19
1.340601446611229284e-19
1.330418934680093207e-19
1.320537634729788978e-19
1.310967251237819585e-19
1.301710833254559091e-19
1.292766456176601282e-19
1.284128576622273425e-19
1.275789102114568993e-19
1.267738221708562185e-19
1.259965041541826148e-19
1.252458064225975458e-19
1.245205545041520317e-19
1.238195752070580082e-19
1.231417152169616057e-19
1.224858540209790729e-19
1.218509125302847362e-19
1.212358584717828624e-19
1.206397093783560112e-19
1.200615338163833514e-19
1.195004513394534148e-19
1.189556315403658382e-19
1.184262924828748489e-19
1.179116987246198137e-19
1.174111590888194779e-19
1.169240243010369018e-19
1.164496845758054097e-19
1.159875672139511547e-19
1.155371342533152211e-19
1.150978802019338864e-19
1.146693298725200313e-19
1.142510363295223045e-19
1.138425789544659242e-19
1.134435616312509185e-19
1.130536110502004844e-19
1.126723751276570550e-19
1.122995215365787620e-19
1.119347363427353821e-19
1.115777227406156236e-19
1.112281998829261826e-19
1.108859017975382016e-19
1.105505763858321219e-19
1.102219844965876203e-19
1.098998990698239701e-19
1.095841043452886960e-19
1.092743951306055428e-19
1.089705761244214189e-19
1.086724612902045749e-19
1.083798732766688721e-19
1.080926428810958295e-19
1.078106085521173379e-19
1.075336159287890938e-19
1.072615174130456231e-19
1.069941717728585879e-19
1.067314437736440690e-19
1.064732038356676021e-19
1.062193277153817962e-19
1.059696962088066159e-19
1.057241948752193782e-19
1.054827137795675208e-19
1.052451472521498717e-19
1.050113936642355191e-19
1.047813552184011676e-19
1.045549377524646566e-19
1.043320505559940313e-19
1.041126061984484241e-19
1.038965203680906856e-19
1.036837117208762616e-19
1.034741017385957411e-19
1.032676145955991561e-19
1.030641770334889370e-19
1.028637182432177550e-19
1.026661697540691217e-19
1.024714653290444250e-19
1.022795408662122956e-19
1.020903343056167728e-19
1.019037855413671371e-19
1.017198363385614775e-19
1.015384302547279486e-19
1.013595125654846095e-19
1.011830301941450229e-19
1.010089316450173428e-19
1.008371669401605186e-19
1.006676875593818517e-19
1.005004463832736448e-19
1.003353976391010707e-19
1.001724968493688167e-19
1.000117007829035233e-19
9.985296740830317896e-20
9.969625584961260037e-20
9.954152634409526408e-20
9.938874020198043168e-20
9.923785976807208358e-20
9.908884838511425278e-20
9.894167035881427132e-20
9.879629092443205055e-20
9.865267621484881270e-20
9.851079323003599751e-20
9.837060980784721054e-20
9.823209459606440934e-20
9.809521702563088366e-20
9.795994728501095289e-20
9.782625629561420924e-20
9.769411568823568895e-20
9.756349778045475936e-20
9.743437555494866632e-20
9.730672263867270179e-20
9.718051328286637883e-20
9.705572234384354429e-20
9.693232526453117270e-20
9.681029805671755235e-20
9.668961728397968676e-20
9.657026004525609923e-20
9.645220395903554991e-20
9.633542714813417250e-20
9.621990822503303261e-20
9.610562627775120284e-20
9.599256085623106313e-20
9.588069195921282336e-20
9.577000002157619230e-20
9.566046590212952437e-20
9.555207087182758206e-20
9.544479660239840206e-20
9.533862515536309918e-20
9.523353897143137106e-20
9.512952086025780182e-20
9.502655399054359326e-20
9.492462188046901431e-20
9.482370838844549475e-20
9.472379770417108890e-20
9.462487433998016131e-20
9.452692312247467947e-20
9.442992918442483579e-20
9.433387795693094610e-20
9.423875516183431062e-20
9.414454680436914125e-20
9.405123916604484208e-20
9.395881879775164962e-20
9.386727251307990685e-20
9.377658738184562841e-20
9.368675072381480972e-20
9.359775010261881242e-20
9.350957331985424188e-20
9.342220840936063624e-20
9.333564363166898528e-20
9.324986746861592761e-20
9.316486861811704156e-20
9.308063598909388555e-20
9.299715869654932298e-20
9.291442605678596783e-20
9.283242758276311662e-20
9.275115297958678624e-20
9.267059214012868069e-20
9.259073514076978969e-20
9.251157223726439385e-20
9.243309386071979431e-20
9.235529061368894992e-20
9.227815326637142395e-20
9.220167275291913751e-20
9.212584016784428148e-20
9.205064676252463239e-20
9.197608394180431009e-20
9.190214326068663112e-20
9.182881642111537412e-20
9.175609526884215856e-20
9.168397179037779388e-20
9.161243811002318167e-20
9.154148648697952997e-20
9.147110931253294465e-20
9.140129910731286812e-20
9.133204851862180153e-20
9.126335031783300029e-20
9.119519739785471042e-20
9.112758277065979025e-20
9.106049956487692580e-20
9.099394102344300637e-20
9.092790050131374761e-20
9.086237146323156276e-20
9.079734748154881642e-20
9.073282223410408960e-20
9.066878950215102259e-20
9.060524316833685892e-20
9.054217721473053382e-20
9.047958572089747854e-20
9.041746286202133308e-20
9.035580290706934147e-20
9.029460021700153784e-20
9.023384924302244737e-20
9.017354452487289480e-20
9.011368068916202872e-20
9.005425244773747925e-20
8.999525459609307144e-20
8.993668201181338400e-20
8.987852965305283045e-20
8.982079255704958742e-20
8.976346583867261301e-20
8.970654468900127338e-20
8.965002437393663896e-20
8.959390023284274087e-20
8.953816767721850980e-20
8.948282218939811038e-20
8.942785932127933383e-20
8.937327469308047043e-20
8.931906399212197823e-20
8.926522297163617412e-20
8.921174744960069802e-20
8.915863330759719480e-20
8.910587648969385359e-20
8.905347300135109440e-20
8.900141890835026958e-20
8.894971033574420050e-20
8.889834346682911620e-20
8.884731454213800587e-20
8.879661985845403716e-20
8.874625576784407643e-20
8.869621867671135989e-20
8.864650504486762868e-20
8.859711138462293444e-20
8.854803425989430684e-20
8.849927028533094807e-20
8.845081612545774771e-20
8.840266849383428935e-20
8.835482415223097380e-20
8.830727990982048968e-20
8.826003262238542565e-20
8.821307919154030302e-20
8.816641656396873900e-20
8.812004173067511456e-20
8.807395172625008496e-20
8.802814362815016156e-20
8.798261455599051034e-20
8.793736167085056992e-20
8.789238217459323532e-20
8.784767330919604264e-20
8.780323235609466774e-20
8.775905663553840171e-20
8.771514350595773569e-20
8.767149036334222528e-20
8.762809464063139116e-20
8.758495380711453909e-20
8.754206536784303835e-20
8.749942686305143534e-20
8.745703586759038757e-20
8.741488999036837267e-20
8.737298687380396599e-20
8.733132419328714593e-20
8.728989965665042152e-20
8.724871100364898788e-20
8.720775600544972879e-20
8.716703246412931938e-20
8.712653821218068252e-20
8.708627111202794333e-20
8.704622905554994208e-20
8.700640996361122215e-20
8.696681178560162436e-20
8.692743249898329627e-20
8.688827010884506809e-20
8.684932264746521841e-20
8.681058817388029463e-20
8.677206477346187780e-20
8.673375055750062988e-20
8.669564366279614294e-20
8.665774225125454012e-20
8.662004450949266093e-20
8.658254864844762711e-20
8.654525290299420851e-20
8.650815553156765374e-20
8.647125481579233482e-20
8.643454906011745748e-20
8.639803659145741788e-20
8.636171575883879160e-20
8.632558493305285987e-20
8.628964250631304672e-20
8.625388689191882020e-20
8.621831652392410741e-20
8.618292985681112621e-20
8.614772536517012715e-20
8.611270154338275858e-20
8.607785690531184743e-20
8.604318998399511622e-20
8.600869933134390740e-20
8.597438351784708365e-20
8.594024113227847914e-20
8.590627078141010450e-20
8.587247108972891471e-20
8.583884069915850021e-20
8.580537826878430484e-20
8.577208247458424844e-20
8.573895200916223830e-20
8.570598558148663993e-20
8.567318191663235894e-20
8.564053975552681087e-20
8.560805785469987528e-20
8.557573498603770174e-20
8.554356993654010284e-20
8.551156150808147406e-20
8.547970851717579419e-20
8.544800979474473136e-20
8.541646418588922772e-20
8.538507054966491194e-20
8.535382775886036449e-20
8.532273469977890980e-20
8.529179027202388706e-20
8.526099338828684612e-20
8.523034297413875258e-20
8.519983796782467165e-20
8.516947732006120843e-20
8.513925999383735476e-20
8.510918496421729802e-20
8.507925121814765966e-20
8.504945775426606978e-20
8.501980358271346117e-20
8.499028772494893934e-20
8.496090921356721635e-20
8.493166709211890951e-20
8.490256041493334383e-20
8.487358824694389422e-20
8.484474966351626476e-20
8.481604375027871797e-20
8.478746960295526524e-20
8.475902632720112012e-20
8.473071303844035456e-20
8.470252886170638365e-20
8.467447293148436448e-20
8.464654439155611052e-20
8.461874239484708863e-20
8.459106610327602791e-20
8.456351468760634631e-20
8.453608732729977992e-20
8.450878321037245582e-20
8.448160153325277052e-20
8.445454150064138684e-20
8.442760232537351790e-20
8.440078322828276391e-20
8.437408343806772942e-20
8.434750219115951939e-20
8.432103873159214818e-20
8.429469231087445311e-20
8.426846218786376557e-20
8.424234762864174868e-20
8.421634790639167946e-20
8.419046230127823466e-20
8.416469010032797481e-20
8.413903059731288563e-20
8.411348309263436480e-20
8.408804689321016992e-20
8.406272131236193210e-20
8.403750566970524562e-20
8.401239929104064820e-20
8.398740150824700877e-20
8.396251165917591426e-20
8.393772908754780184e-20
8.391305314284978827e-20
8.388848318023496789e-20
8.386401856042328740e-20
8.383965864960386510e-20
8.381540281933862214e-20
8.379125044646803238e-20
8.376720091301746197e-20
8.374325360610551916e-20
8.371940791785383655e-20
8.369566324529782825e-20
8.367201899029930089e-20
8.364847455946009968e-20
8.362502936403734341e-20
8.360168281985987525e-20
8.357843434724594124e-20
8.355528337092250590e-20
8.353222931994533813e-20
8.350927162762107126e-20
8.348640973142963622e-20
8.346364307294888545e-20
8.344097109777962609e-20
8.341839325547237443e-20
8.339590899945536228e-20
8.337351778696300066e-20
8.335121907896671490e-20
8.332901234010577963e-20
8.330689703861989921e-20
8.328487264628290761e-20
8.326293863833758770e-20
8.324109449343118872e-20
8.321933969355252057e-20
8.319767372397011944e-20
8.317609607317091899e-20
8.315460623280095576e-20
8.313320369760593016e-20
8.311188796537380174e-20
8.309065853687792607e-20
8.306951491582128707e-20
8.304845660878162003e-20
8.302748312515770224e-20
8.300659397711669083e-20
8.298578867954189397e-20
8.296506674998239577e-20
8.294442770860245245e-20
8.292387107813303116e-20
8.290339638382340891e-20
8.288300315339390308e-20
8.286269091698972126e-20
8.284245920713556956e-20
8.282230755869074227e-20
8.280223550880594494e-20
8.278224259687997302e-20
8.276232836451802746e-20
8.274249235549043969e-20
8.272273411569226312e-20
8.270305319310389999e-20
8.268344913775231791e-20
8.266392150167303683e-20
8.264446983887310304e-20
8.262509370529456871e-20
8.260579265877910294e-20
8.258656625903296391e-20
8.256741406759293398e-20
8.254833564779288076e-20
8.252933056473142552e-20
8.251039838523957557e-20
8.249153867784974083e-20
8.247275101276531619e-20
8.245403496183061294e-20
8.243539009850198184e-20
8.241681599781905656e-20
8.239831223637715276e-20
8.237987839230006425e-20
8.236151404521365374e-20
8.234321877621962405e-20
8.232499216787087825e-20
8.230683380414631404e-20
8.228874327042723114e-20
8.227072015347379881e-20
8.225276404140206505e-20
8.223487452366219362e-20
8.221705119101637601e-20
8.219929363551803141e-20
8.218160145049129556e-20
