4.095260344211530112e-22
4.102256121473266090e-22
4.110763098040593231e-22
4.118202967864839186e-22
4.123616006617427278e-22
4.126792713395212080e-22
4.127799077892594234e-22
4.126847376880580870e-22
4.124233374453902478e-22
4.120286264620807704e-22
4.115332225495607444e-22
4.109672163125899603e-22
4.103570599716388234e-22
4.097251998461063011e-22
4.090901534060022808e-22
4.084668244360250109e-22
4.078669250708430208e-22
4.072994262061729883e-22
4.067709923214543164e-22
4.062863783968583284e-22
4.058487796758142690e-22
4.054601325784739857e-22
4.051213691741047456e-22
4.048326296178428127e-22
4.045934377098070758e-22
4.044028447816962267e-22
4.042595467897759537e-22
4.041619789932517164e-22
4.041083920398749736e-22
4.040969127311792410e-22
4.041255922312809064e-22
4.041924440305889717e-22
4.042954735828052982e-22
4.044327011983517288e-22
4.046021794949258420e-22
4.048020064699808457e-22
4.050303350643894417e-22
4.052853799251154876e-22
4.055654219421268849e-22
4.058688110260961122e-22
4.061939675045863520e-22
4.065393824419596924e-22
4.069036171291516413e-22
4.072853019414253980e-22
4.076831347231285453e-22
4.080958788267434358e-22
4.085223609077789375e-22
4.089614685561680782e-22
4.094121478279304948e-22
4.098734007271747138e-22
4.103442826774641823e-22
4.108239000126516011e-22
4.113114075100981059e-22
4.118060059834446361e-22
4.123069399474387111e-22
4.128134953636769702e-22
4.133249974731415613e-22
4.138408087191101331e-22
4.143603267621861703e-22
4.148829825877655015e-22
4.154082387051572309e-22
4.159355874367409071e-22
4.164645492949126664e-22
4.169946714441101776e-22
4.175255262448899612e-22
4.180567098768212749e-22
4.185878410368072404e-22
4.191185597094227257e-22
4.196485260058020734e-22
4.201774190676878193e-22
4.207049360332797575e-22
4.212307910616265390e-22
4.217547144124034607e-22
4.222764515780298457e-22
4.227957624652084386e-22
4.233124206230934629e-22
4.238262125154240966e-22
4.243369368340873514e-22
4.248444038517183682e-22
4.253484348110397998e-22
4.258488613488075605e-22
4.263455249523133954e-22
4.268382764465217735e-22
4.273269755100425033e-22
4.278114902182176773e-22
4.282916966117254957e-22
4.287674782891835464e-22
4.292387260223367178e-22
4.297053373924839433e-22
4.301672164468953077e-22
4.306242733740360303e-22
4.310764241964885958e-22
4.315235904805322049e-22
4.319656990614025672e-22
4.324026817833137396e-22
4.328344752533760960e-22
4.332610206086087382e-22
4.336822632952759792e-22
4.340981528598451385e-22
4.345086427508832068e-22
4.349136901312751025e-22
4.353132557001610103e-22
4.357073035240455845e-22
4.360958008765523960e-22
4.364787180863337715e-22
4.368560283926794621e-22
4.372277078083822498e-22
4.375937349894656195e-22
4.379540911113789078e-22
4.383087597513080307e-22
4.386577267762594877e-22
4.390009802366035500e-22
4.393385102647711913e-22
4.396703089788308255e-22
4.399963703906746749e-22
4.403166903185641532e-22
4.406312663038088511e-22
4.409400975313478810e-22
4.412431847540314899e-22
4.415405302204070561e-22
4.418321376058215784e-22
4.421180119466763711e-22
4.423981595776566062e-22
4.426725880717950190e-22
4.429413061832195033e-22
4.432043237924425007e-22
4.434616518540764223e-22
4.437133023468402507e-22
4.439592882257522779e-22
4.441996233763966052e-22
4.444343225711599580e-22
4.446634014273522076e-22
4.448868763671075323e-22
4.451047645789860942e-22
4.453170839812006271e-22
4.455238531863821683e-22
4.457250914678223060e-22
4.459208187271130423e-22
4.461110554631297293e-22
4.462958227422947293e-22
4.464751421700546557e-22
4.466490358635322619e-22
4.468175264252859279e-22
4.469806369181389406e-22
4.471383908410261888e-22
4.472908121058174574e-22
4.474379250150731256e-22
4.475797542406962483e-22
4.477163248034355085e-22
4.478476620532174102e-22
4.479737916502571181e-22
4.480947395469278213e-22
4.482105319703535427e-22
4.483211954056960541e-22
4.484267565801066512e-22
4.485272424473200310e-22
4.486226801728619644e-22
4.487130971198453751e-22
4.487985208353363918e-22
4.488789790372619743e-22
4.489544996018467938e-22
4.490251105515441980e-22
4.490908400434621987e-22
4.491517163582466817e-22
4.492077678894163809e-22
4.492590231331278963e-22
4.493055106783536393e-22
4.493472591974596343e-22
4.493842974371664373e-22
4.494166542098789716e-22
4.494443583853724914e-22
4.494674388828175582e-22
4.494859246631354714e-22
4.494998447216719296e-22
4.495092280811703013e-22
4.495141037850439419e-22
4.495145008909243280e-22
4.495104484644857626e-22
4.495019755735269964e-22
4.494891112823064728e-22
4.494718846461188799e-22
4.494503247061032265e-22
4.494244604842742627e-22
4.493943209787722604e-22
4.493599351593142260e-22
4.493213319628493677e-22
4.492785402894018888e-22
4.492315889981005442e-22
4.491805069033845208e-22
4.491253227713764261e-22
4.490660653164244538e-22
4.490027631977951075e-22
4.489354450165225931e-22
4.488641393124004940e-22
4.487888745611120602e-22
4.487096791714972310e-22
4.486265814829452943e-22
4.485396097629144996e-22
4.484487922045664934e-22
4.483541569245188675e-22
4.482557319607032207e-22
4.481535452703323058e-22
4.480476247279638491e-22
4.479379981236666853e-22
4.478246931612728447e-22
4.477077374567261243e-22
4.475871585365118155e-22
4.474629838361705032e-22
4.473352406988890714e-22
4.472039563741708895e-22
4.470691580165743662e-22
4.469308726845249478e-22
4.467891273391917217e-22
4.466439488434298474e-22
4.464953639607830797e-22
4.463433993545464757e-22
4.461880815868858092e-22
4.460294371180116207e-22
4.458674923054032977e-22
4.457022734030860981e-22
4.455338065609562288e-22
4.453621178241490878e-22
4.451872331324543381e-22
4.450091783197726417e-22
4.448279791136137698e-22
4.446436611346312019e-22
4.444562498961992293e-22
4.442657708040201521e-22
4.440722491557701265e-22
4.438757101407760446e-22
4.436761788397263630e-22
4.434736802244083561e-22
4.432682391574800703e-22
4.430598803922640955e-22
4.428486285725748141e-22
4.426345082325653987e-22
4.424175437966036800e-22
4.421977595791703022e-22
4.419751797847788828e-22
4.417498285079191194e-22
4.415217297330197376e-22
4.412909073344338209e-22
4.410573850764398455e-22
4.408211866132640612e-22
4.405823354891185779e-22
4.403408551382566603e-22
4.400967688850472078e-22
4.398500999440578852e-22
4.396008714201623276e-22
4.393491063086512955e-22
4.390948274953665870e-22
4.388380577568411564e-22
4.385788197604553144e-22
4.383171360646037421e-22
4.380530291188724732e-22
4.377865212642289486e-22
4.375176347332197806e-22
4.372463916501799918e-22
4.369728140314504339e-22
4.366969237856054581e-22
4.364187427136855680e-22
4.361382925094421115e-22
4.358555947595864849e-22
4.355706709440473315e-22
4.352835424362339460e-22
4.349942305033069205e-22
4.347027563064527403e-22
4.344091409011661840e-22
4.341134052375367685e-22
4.338155701605370741e-22
4.335156564103217899e-22
4.332136846225251617e-22
4.329096753285653033e-22
4.326036489559497310e-22
4.322956258285865409e-22
4.319856261670962438e-22
4.316736700891278320e-22
4.313597776096754106e-22
4.310439686413991545e-22
4.307262629949454189e-22
4.304066803792704236e-22
4.300852404019633728e-22
4.297619625695731484e-22
4.294368662879329345e-22
4.291099708624869112e-22
4.287812954986164771e-22
4.284508593019692004e-22
4.281186812787825963e-22
4.277847803362131722e-22
4.274491752826600168e-22
4.271118848280930933e-22
4.267729275843742894e-22
4.264323220655838291e-22
4.260900866883403834e-22
4.257462397721223089e-22
4.254007995395886995e-22
4.250537841168945121e-22
4.247052115340080451e-22
4.243550997250248416e-22
4.240034665284787723e-22
4.236503296876515204e-22
4.232957068508819236e-22
4.229396155718684062e-22
4.225820733099724442e-22
4.222230974305190690e-22
4.218627052050924334e-22
4.215009138118309078e-22
4.211377403357183208e-22
4.207732017688723785e-22
4.204073150108288047e-22
4.200400968688260461e-22
4.196715640580811838e-22
4.193017332020674445e-22
4.189306208327865387e-22
4.185582433910377080e-22
4.181846172266828225e-22
4.178097585989093155e-22
4.174336836764883689e-22
4.170564085380316415e-22
4.166779491722415546e-22
4.162983214781603566e-22
4.159175412654156126e-22
4.155356242544603815e-22
4.151525860768110895e-22
4.147684422752826283e-22
4.143832083042184703e-22
4.139968995297174919e-22
4.136095312298579758e-22
4.132211185949177571e-22
4.128316767275912674e-22
4.124412206432012172e-22
4.120497652699099027e-22
4.116573254489251530e-22
4.112639159347031259e-22
4.108695513951471545e-22
4.104742464118061710e-22
4.100780154800649956e-22
4.096808730093377284e-22
4.092828333232501397e-22
4.088839106598277020e-22
4.084841191716729481e-22
4.080834729261449460e-22
4.076819859055329430e-22
4.072796720072285987e-22
4.068765450438948805e-22
4.064726187436326073e-22
4.060679067501428090e-22
4.056624226228897910e-22
4.052561798372576627e-22
4.048491917847070553e-22
4.044414717729291104e-22
4.040330330259961322e-22
4.036238886845107811e-22
4.032140518057531511e-22
4.028035353638252623e-22
4.023923522497941883e-22
4.019805152718337744e-22
4.015680371553617941e-22
4.011549305431785632e-22
4.007412079956031094e-22
4.003268819906059558e-22
3.999119649239432216e-22
3.994964691092863025e-22
3.990804067783531968e-22
3.986637900810364464e-22
3.982466310855309366e-22
3.978289417784600970e-22
3.974107340650020554e-22
3.969920197690134413e-22
3.965728106331540352e-22
3.961531183190094897e-22
3.957329544072140048e-22
3.953123303975721559e-22
3.948912577091809097e-22
3.944697476805501837e-22
3.940478115697239682e-22
3.936254605544015442e-22
3.932027057320573831e-22
3.927795581200621758e-22
3.923560286558032509e-22
3.919321281968054145e-22
3.915078675208517448e-22
3.910832573261057022e-22
3.906583082312311237e-22
3.902330307755165434e-22
3.898074354189958447e-22
3.893815325425724403e-22
3.889553324481429337e-22
3.885288453587225679e-22
3.881020814185693580e-22
3.876750506933113263e-22
3.872477631700740673e-22
3.868202287576077477e-22
3.863924572864191384e-22
3.859644585088997431e-22
3.855362420994584879e-22
3.851078176546560104e-22
3.846791946933369727e-22
3.842503826567682059e-22
3.838213909087747380e-22
3.833922287358788318e-22
3.829629053474418430e-22
3.825334298758034463e-22
3.821038113764288540e-22
3.816740588280520382e-22
3.812441811328247366e-22
3.808141871164632012e-22
3.803840855284025172e-22
3.799538850419467840e-22
3.795235942544258325e-22
3.790932216873510011e-22
3.786627757865751912e-22
3.782322649224536752e-22
3.778016973900066902e-22
3.773710814090855126e-22
3.769404251245403650e-22
3.765097366063889355e-22
3.760790238499900216e-22
3.756482947762163750e-22
3.752175572316333294e-22
3.747868189886749371e-22
3.743560877458285680e-22
3.739253711278165947e-22
3.734946766857825431e-22
3.730640118974807707e-22
3.726333841674672256e-22
3.722028008272920863e-22
3.717722691356963990e-22
3.713417962788104063e-22
3.709113893703546983e-22
3.704810554518435259e-22
3.700508014927909355e-22
3.696206343909183613e-22
3.691905609723667316e-22
3.687605879919106437e-22
3.683307221331721630e-22
3.679009700088422859e-22
3.674713381608997701e-22
3.670418330608370174e-22
3.666124611098844522e-22
3.661832286392410592e-22
3.657541419103049687e-22
3.653252071149071448e-22
3.648964303755481296e-22
3.644678177456380327e-22
3.640393752097368018e-22
3.636111086837986317e-22
3.631830240154183949e-22
3.627551269840811285e-22
