9.747322614749420216e-22
9.755438624016513342e-22
9.764725987757910243e-22
9.772338798928095974e-22
9.778775873419859472e-22
9.785355589734589946e-22
9.793098931304876485e-22
9.802629047288391157e-22
9.814274693595471191e-22
9.828167758021645959e-22
9.844312164156599880e-22
9.862630551987928325e-22
9.882995547633839086e-22
9.905250497970892991e-22
9.929223102653463660e-22
9.954734332257650812e-22
9.981604252570666318e-22
1.000965582602090002e-21
1.003871738548377390e-21
1.006862422749857674e-21
1.009921961203848609e-21
1.013035535455478297e-21
1.016189213216575917e-21
1.019369958567356302e-21
1.022565627362784560e-21
1.025764951828805567e-21
1.028957517258853822e-21
1.032133732994572613e-21
1.035284799366724915e-21
1.038402671904096114e-21
1.041480023841543488e-21
1.044510207744171540e-21
1.047487216894664039e-21
1.050405646953338832e-21
1.053260658288215440e-21
1.056047939280037478e-21
1.058763670830920048e-21
1.061404492242698753e-21
1.063967468579401080e-21
1.066450059586415926e-21
1.068850090204783942e-21
1.071165722691728684e-21
1.073395430337135571e-21
1.075537972748443485e-21
1.077592372663764798e-21
1.079557894243267780e-21
1.081434022781863145e-21
1.083220445781539779e-21
1.084917035318678831e-21
1.086523831640147970e-21
1.088041027921645283e-21
1.089468956122187506e-21
1.090808073869946163e-21
1.092058952316324856e-21
1.093222264897306983e-21
1.094298776943551562e-21
1.095289336083249409e-21
1.096194863384532653e-21
1.097016345186931199e-21
1.097754825574170075e-21
1.098411399443328161e-21
1.098987206128069284e-21
1.099483423536243689e-21
1.099901262764680404e-21
1.100241963156405210e-21
1.100506787767789794e-21
1.100697019215328021e-21
1.100813955873827088e-21
1.100858908399720861e-21
1.100833196555052281e-21
1.100738146309404134e-21
1.100575087198693776e-21
1.100345349921217029e-21
1.100050264152784479e-21
1.099691156564093586e-21
1.099269349024709293e-21
1.098786156979189303e-21
1.098242887981943026e-21
1.097640840378394627e-21
1.096981302120993520e-21
1.096265549709402764e-21
1.095494847245023760e-21
1.094670445590790684e-21
1.093793581627758717e-21
1.092865477600744889e-21
1.091887340545772808e-21
1.090860361792728144e-21
1.089785716536988369e-21
1.088664563474404670e-21
1.087498044494349160e-21
1.086287284425960249e-21
1.085033390833121197e-21
1.083737453853990843e-21
1.082400546081300846e-21
1.081023722479820004e-21
1.079608020337767772e-21
1.078154459249138032e-21
1.076664041124140862e-21
1.075137750225188091e-21
1.073576553226069936e-21
1.071981399292102281e-21
1.070353220179236458e-21
1.068692930350266551e-21
1.067001427106403513e-21
1.065279590732646201e-21
1.063528284655467453e-21
1.061748355611481545e-21
1.059940633825850939e-21
1.058105933199273957e-21
1.056245051502522518e-21
1.054358770577557927e-21
1.052447856544305044e-21
1.050513060012318560e-21
1.048555116296547340e-21
1.046574745636521423e-21
1.044572653418340842e-21
1.042549530398858945e-21
1.040506052931566893e-21
1.038442883193656667e-21
1.036360669413848420e-21
1.034260046100554309e-21
1.032141634270029724e-21
1.030006041674166409e-21
1.027853863027615656e-21
1.025685680233984072e-21
1.023502062610828276e-21
1.021303567113246715e-21
1.019090738555839891e-21
1.016864109832877444e-21
1.014624202136496236e-21
1.012371525172784049e-21
1.010106577375619684e-21
1.007829846118165271e-21
1.005541807921882524e-21
1.003242928663019884e-21
1.000933663776461298e-21
9.986144584568978783e-22
9.962857478572415657e-22
9.939479572842571086e-22
9.916015023913531036e-22
9.892467893685249556e-22
9.868842151293989748e-22
9.845141674953836289e-22
9.821370253769023721e-22
9.797531589517088030e-22
9.773629298402841514e-22
9.749666912783123925e-22
9.725647882862529240e-22
9.701575578360051645e-22
9.677453290147034409e-22
9.653284231856348301e-22
9.629071541463123041e-22
9.604818282837343998e-22
9.580527447268357402e-22
9.556201954961694063e-22
9.531844656508546400e-22
9.507458334327970231e-22
9.483045704082448928e-22
9.458609416066787951e-22
9.434152056571007447e-22
9.409676149217362693e-22
9.385184156271908030e-22
9.360678479930957879e-22
9.336161463582826643e-22
9.311635393045208604e-22
9.287102497778526953e-22
9.262564952075658206e-22
9.238024876228423206e-22
9.213484337671183263e-22
9.188945352101876201e-22
9.164409884581000128e-22
9.139879850608781926e-22
9.115357117180921631e-22
9.090843503823386699e-22
9.066340783606436689e-22
9.041850684138465183e-22
9.017374888539807513e-22
8.992915036396990152e-22
8.968472724697814842e-22
8.944049508747416633e-22
8.919646903065957895e-22
8.895266382267990243e-22
8.870909381924026073e-22
8.846577299404596167e-22
8.822271494707030353e-22
8.797993291265485961e-22
8.773743976744314348e-22
8.749524803815245105e-22
8.725336990918632435e-22
8.701181723009081563e-22
8.677060152285718491e-22
8.652973398907511221e-22
8.628922551693759070e-22
8.604908668810186398e-22
8.580932778440909724e-22
8.556995879446400472e-22
8.533098942007937995e-22
8.509242908258678884e-22
8.485428692901583321e-22
8.461657183814659249e-22
8.437929242643423751e-22
8.414245705381238030e-22
8.390607382937460501e-22
8.367015061693780057e-22
8.343469504048950497e-22
8.319971448952174377e-22
8.296521612425332831e-22
8.273120688074304930e-22
8.249769347589560880e-22
8.226468241236367618e-22
8.203217998334593633e-22
8.180019227728575689e-22
8.156872518247077536e-22
8.133778439153584180e-22
8.110737540587155527e-22
8.087750353994054738e-22
8.064817392550195511e-22
8.041939151574838040e-22
8.019116108935482870e-22
7.996348725444238187e-22
7.973637445245905052e-22
7.950982696197809712e-22
7.928384890241660426e-22
7.905844423767573616e-22
7.883361677970349276e-22
7.860937019198301272e-22
7.838570799294696136e-22
7.816263355931919772e-22
7.794015012938663621e-22
7.771826080620139661e-22
7.749696856071531150e-22
7.727627623484822984e-22
7.705618654449115110e-22
7.683670208244582632e-22
7.661782532130246230e-22
7.639955861625566068e-22
7.618190420786166685e-22
7.596486422473635517e-22
7.574844068619636736e-22
7.553263550484424079e-22
7.531745048909868363e-22
7.510288734567095589e-22
7.488894768198911486e-22
7.467563300857038851e-22
7.446294474134324693e-22
7.425088420392046055e-22
7.403945262982358674e-22
7.382865116466017354e-22
7.361848086825491200e-22
7.340894271673519835e-22
7.320003760457293941e-22
7.299176634658182098e-22
7.278412967987344325e-22
7.257712826577079052e-22
7.237076269168140499e-22
7.216503347293086635e-22
7.195994105455653983e-22
7.175548581306404679e-22
7.155166805814554599e-22
7.134848803436155566e-22
7.114594592278724746e-22
7.094404184262315583e-22
7.074277585277189211e-22
7.054214795338081626e-22
7.034215808735198290e-22
7.014280614182017028e-22
6.994409194959813648e-22
6.974601529059241302e-22
6.954857589318756700e-22
6.935177343560171535e-22
6.915560754721217216e-22
6.896007780985342009e-22
6.876518375908650326e-22
6.857092488544177866e-22
6.837730063563444312e-22
6.818431041375394555e-22
6.799195358242816832e-22
6.780022946396210509e-22
6.760913734145202264e-22
6.741867645987582117e-22
6.722884602715907600e-22
6.703964521521899887e-22
6.685107316098506792e-22
6.666312896739737033e-22
6.647581170438387075e-22
6.628912040981582485e-22
6.610305409044252307e-22
6.591761172280593801e-22
6.573279225413457041e-22
6.554859460321867517e-22
6.536501766126540060e-22
6.518206029273569336e-22
6.499972133616275287e-22
6.481799960495179065e-22
6.463689388816284374e-22
6.445640295127584280e-22
6.427652553693874379e-22
6.409726036569905220e-22
6.391860613671898437e-22
6.374056152847457633e-22
6.356312519943927610e-22
6.338629578875198179e-22
6.321007191687002404e-22
6.303445218620764750e-22
6.285943518175977520e-22
6.268501947171157287e-22
6.251120360803434933e-22
6.233798612706748266e-22
6.216536555008757571e-22
6.199334038386371265e-22
6.182190912120067840e-22
6.165107024146916300e-22
6.148082221112368444e-22
6.131116348420858725e-22
6.114209250285206045e-22
6.097360769774858864e-22
6.080570748863019360e-22
6.063839028472613719e-22
6.047165448521223294e-22
6.030549847964888222e-22
6.013992064840896365e-22
5.997491936309558490e-22
5.981049298694920820e-22
5.964663987524523067e-22
5.948335837568211377e-22
5.932064682875956334e-22
5.915850356814749379e-22
5.899692692104611490e-22
5.883591520853700027e-22
5.867546674592515620e-22
5.851557984307268338e-22
5.835625280472413492e-22
5.819748393082348608e-22
5.803927151682307296e-22
5.788161385398433099e-22
5.772450922967147103e-22
5.756795592763681420e-22
5.741195222829909244e-22
5.725649640901439534e-22
5.710158674433977235e-22
5.694722150629022406e-22
5.679339896458831141e-22
5.664011738690771805e-22
5.648737503910947776e-22
5.633517018547220202e-22
5.618350108891621388e-22
5.603236601122097682e-22
5.588176321323660848e-22
5.573169095508992131e-22
5.558214749638382404e-22
5.543313109639204937e-22
5.528464001424740232e-22
5.513667250912521262e-22
5.498922684042102237e-22
5.484230126792343079e-22
5.469589405198147521e-22
5.455000345366732885e-22
5.440462773493389231e-22
5.425976515876773011e-22
5.411541398933731462e-22
5.397157249213661503e-22
5.382823893412438876e-22
5.368541158385872380e-22
5.354308871162775374e-22
5.340126858957615029e-22
5.325994949182690457e-22
5.311912969459994856e-22
5.297880747632631909e-22
5.283898111775879541e-22
5.269964890207853061e-22
5.256080911499811899e-22
5.242246004486143780e-22
5.228459998273962404e-22
5.214722722252344010e-22
5.201034006101313795e-22
5.187393679800417619e-22
5.173801573637032277e-22
5.160257518214347581e-22
5.146761344459065374e-22
5.133312883628758125e-22
5.119911967318998069e-22
5.106558427470168490e-22
5.093252096374011695e-22
5.079992806679898629e-22
5.066780391400879385e-22
5.053614683919420550e-22
5.040495517992945078e-22
5.027422727759107911e-22
5.014396147740823327e-22
5.001415612851115507e-22
4.988480958397670984e-22
4.975592020087255683e-22
4.962748634029843258e-22
4.949950636742600486e-22
4.937197865153640387e-22
4.924490156605566572e-22
4.911827348858883121e-22
4.899209280095147726e-22
4.886635788920024216e-22
4.874106714366075531e-22
4.861621895895464537e-22
4.849181173402441375e-22
4.836784387215685042e-22
4.824431378100509562e-22
4.812121987260872669e-22
4.799856056341290452e-22
4.787633427428568625e-22
4.775453943053427527e-22
4.763317446191979487e-22
4.751223780267045376e-22
4.739172789149425079e-22
4.727164317158958267e-22
4.715198209065528733e-22
4.703274310089922978e-22
4.691392465904588165e-22
4.679552522634276294e-22
4.667754326856612201e-22
4.655997725602524254e-22
4.644282566356592306e-22
4.632608697057313821e-22
4.620975966097264688e-22
4.609384222323184789e-22
4.597833315035972365e-22
4.586323093990590911e-22
4.574853409395919654e-22
4.563424111914499649e-22
4.552035052662242254e-22
4.540686083208028521e-22
4.529377055573275678e-22
4.518107822231418963e-22
4.506878236107337053e-22
4.495688150576727630e-22
4.484537419465412438e-22
4.473425897048575558e-22
4.462353438049997928e-22
4.451319897641189356e-22
4.440325131440498907e-22
4.429368995512170746e-22
4.418451346365360485e-22
4.407572040953122375e-22
4.396730936671322213e-22
4.385927891357546476e-22
4.375162763289959749e-22
4.364435411186131104e-22
4.353745694201838864e-22
4.343093471929805764e-22
4.332478604398470801e-22
4.321900952070668916e-22
4.311360375842326664e-22
