1.572618320090142751e-21
1.579358443290523112e-21
1.586789300219214568e-21
1.591942835805069167e-21
1.594233969430500862e-21
1.594031988491193334e-21
1.591886325738868000e-21
1.588338605990887076e-21
1.583874970519844224e-21
1.578907444569208561e-21
1.573768916998858647e-21
1.568717277505749049e-21
1.563944488486036887e-21
1.559587353514670281e-21
1.555738070831771975e-21
1.552453663424339951e-21
1.549763976850946970e-21
1.547678246601080109e-21
1.546190376168882436e-21
1.545283114583678141e-21
1.544931324346425521e-21
1.545104512885148565e-21
1.545768775856034240e-21
1.546888275262803082e-21
1.548426352268492568e-21
1.550346354729653273e-21
1.552612243003489974e-21
1.555189024178428622e-21
1.558043054129767276e-21
1.561142238257765499e-21
1.564456155013543994e-21
1.567956121004890213e-21
1.571615212303250146e-21
1.575408253305423578e-21
1.579311781946071158e-21
1.583303998057159908e-21
1.587364700107395233e-21
1.591475214333783719e-21
1.595618319324292522e-21
1.599778168367035087e-21
1.603940211302056476e-21
1.608091117160975087e-21
1.612218698529627119e-21
1.616311838297697140e-21
1.620360419249949582e-21
1.624355256792941512e-21
1.628288034988083159e-21
1.632151245968883299e-21
1.635938132750286148e-21
1.639642635386230501e-21
1.643259340394044598e-21
1.646783433337592543e-21
1.650210654443074654e-21
1.653537257109801626e-21
1.656759969171699587e-21
1.659875956762646475e-21
1.662882790638836307e-21
1.665778414813612793e-21
1.668561117364013909e-21
1.671229503273139711e-21
1.673782469178060625e-21
1.676219179898998410e-21
1.678539046631884291e-21
1.680741706692780275e-21
1.682827004708999996e-21
1.684794975158109675e-21
1.686645826161991434e-21
1.688379924449125673e-21
1.689997781403785749e-21
1.691500040126270828e-21
1.692887463433315297e-21
1.694160922732670628e-21
1.695321387710347489e-21
1.696369916773224691e-21
1.697307648193789573e-21
1.698135791907376855e-21
1.698855621915897322e-21
1.699468469255153419e-21
1.699975715485969792e-21
1.700378786672102629e-21
1.700679147810599221e-21
1.700878297682623383e-21
1.700977764095096457e-21
1.700979099485590134e-21
1.700883876864838185e-21
1.700693686073089388e-21
1.700410130328166612e-21
1.700034823044706249e-21
1.699569384905461243e-21
1.699015441166917954e-21
1.698374619182742840e-21
1.697648546129692152e-21
1.696838846921732005e-21
1.695947142299111123e-21
1.694975047080015932e-21
1.693924168563381621e-21
1.692796105072111401e-21
1.691592444626836753e-21
1.690314763740917420e-21
1.688964626328088362e-21
1.687543582714755798e-21
1.686053168749456977e-21
1.684494905002554668e-21
1.682870296049672346e-21
1.681180829832874519e-21
1.679427977093933628e-21
1.677613190874516811e-21
1.675737906078336823e-21
1.673803539090808145e-21
1.671811487451902581e-21
1.669763129578326716e-21
1.667659824531284479e-21
1.665502911826455572e-21
1.663293711282926572e-21
1.661033522908193167e-21
1.658723626816352522e-21
1.656365283176979618e-21
1.653959732192239529e-21
1.651508194100001636e-21
1.649011869200835188e-21
1.646471937906998447e-21
1.643889560811505471e-21
1.641265878775667909e-21
1.638602013033491309e-21
1.635899065311421317e-21
1.633158117962159697e-21
1.630380234111179456e-21
1.627566457814804565e-21
1.624717814228740306e-21
1.621835309786014906e-21
1.618919932383381151e-21
1.615972651575294587e-21
1.612994418774617614e-21
1.609986167459311826e-21
1.606948813384373814e-21
1.603883254798377215e-21
1.600790372663980401e-21
1.597671030881836715e-21
1.594526076517401496e-21
1.591356340030092166e-21
1.588162635504400198e-21
1.584945760882493048e-21
1.581706498197962994e-21
1.578445613810287101e-21
1.575163858639765660e-21
1.571861968402536234e-21
1.568540663845454922e-21
1.565200650980535634e-21
1.561842621318743317e-21
1.558467252102888727e-21
1.555075206539451711e-21
1.551667134029146811e-21
1.548243670396026919e-21
1.544805438115033976e-21
1.541353046537787543e-21
1.537887092116552782e-21
1.534408158626213843e-21
1.530916817384184976e-21
1.527413627468166437e-21
1.523899135931630660e-21
1.520373878017006338e-21
1.516838377366463178e-21
1.513293146230252763e-21
1.509738685672548705e-21
1.506175485774750556e-21
1.502604025836210476e-21
1.499024774572334117e-21
1.495438190310062705e-21
1.491844721180679127e-21
1.488244805309944988e-21
1.484638871005550018e-21
1.481027336941859726e-21
1.477410612341957716e-21
1.473789097156984001e-21
1.470163182242779263e-21
1.466533249533812312e-21
1.462899672214427614e-21
1.459262814887408352e-21
1.455623033739867648e-21
1.451980676706475077e-21
1.448336083630053826e-21
1.444689586419543069e-21
1.441041509205361076e-21
1.437392168492178290e-21
1.433741873309129331e-21
1.430090925357480665e-21
1.426439619155796821e-21
1.422788242182582586e-21
1.419137075016498794e-21
1.415486391474104872e-21
1.411836458745209774e-21
1.408187537525829984e-21
1.404539882148789194e-21
1.400893740711997656e-21
1.397249355204431127e-21
1.393606961629841595e-21
1.389966790128218563e-21
1.386329065095062049e-21
1.382694005298461629e-21
1.379061823994035526e-21
1.375432729037747410e-21
1.371806922996639844e-21
1.368184603257512973e-21
1.364565962133569694e-21
1.360951186969081486e-21
1.357340460242073579e-21
1.353733959665085881e-21
1.350131858284029426e-21
1.346534324575165027e-21
1.342941522540246666e-21
1.339353611799841073e-21
1.335770747684868643e-21
1.332193081326397662e-21
1.328620759743696924e-21
1.325053925930606164e-21
1.321492718940228263e-21
1.317937273967994944e-21
1.314387722433105777e-21
1.310844192058399723e-21
1.307306806948655100e-21
1.303775687667378137e-21
1.300250951312073358e-21
1.296732711588052967e-21
1.293221078880788806e-21
1.289716160326845068e-21
1.286218059883417915e-21
1.282726878396490824e-21
1.279242713667662287e-21
1.275765660519634582e-21
1.272295810860413057e-21
1.268833253746234399e-21
1.265378075443233622e-21
1.261930359487899651e-21
1.258490186746310084e-21
1.255057635472203428e-21
1.251632781363870961e-21
1.248215697619934409e-21
1.244806454993988375e-21
1.241405121848156053e-21
1.238011764205580221e-21
1.234626445801837484e-21
1.231249228135348923e-21
1.227880170516755565e-21
1.224519330117309251e-21
1.221166762016287187e-21
1.217822519247454064e-21
1.214486652844579834e-21
1.211159211886046238e-21
1.207840243538549623e-21
1.204529793099917329e-21
1.201227904041063062e-21
1.197934618047087816e-21
1.194649975057547236e-21
1.191374013305917941e-21
1.188106769358235370e-21
1.184848278150973663e-21
1.181598573028139183e-21
1.178357685777620564e-21
1.175125646666790957e-21
1.171902484477391998e-21
1.168688226539701574e-21
1.165482898766012465e-21
1.162286525683419801e-21
1.159099130465944403e-21
1.155920734966001049e-21
1.152751359745220315e-21
1.149591024104637525e-21
1.146439746114273643e-21
1.143297542642100960e-21
1.140164429382417831e-21
1.137040420883642257e-21
1.133925530575535954e-21
1.130819770795865131e-21
1.127723152816514707e-21
1.124635686869071583e-21
1.121557382169865681e-21
1.118488246944512947e-21
1.115428288451938135e-21
1.112377513007909327e-21
1.109335926008080445e-21
1.106303531950560744e-21
1.103280334458011098e-21
1.100266336299297351e-21
1.097261539410668973e-21
1.094265944916522233e-21
1.091279553149713497e-21
1.088302363671461193e-21
1.085334375290824409e-21
1.082375586083779195e-21
1.079425993411894063e-21
1.076485593940615222e-21
1.073554383657166071e-21
1.070632357888075603e-21
1.067719511316330279e-21
1.064815837998173629e-21
1.061921331379543613e-21
1.059035984312166925e-21
1.056159789069307984e-21
1.053292737361196122e-21
1.050434820350102945e-21
1.047586028665121966e-21
1.044746352416620036e-21
1.041915781210378446e-21
1.039094304161441384e-21
1.036281909907657625e-21
1.033478586622937100e-21
1.030684322030218199e-21
1.027899103414156522e-21
1.025122917633539798e-21
1.022355751133431209e-21
1.019597589957053355e-21
1.016848419757406091e-21
1.014108225808638349e-21
1.011376993017163240e-21
1.008654705932537677e-21
1.005941348758093541e-21
1.003236905361339406e-21
1.000541359284135793e-21
9.978546937526310240e-22
9.951768916869943078e-22
9.925079357109158066e-22
9.898478081609011279e-22
9.871964910953600586e-22
9.845539663034801371e-22
9.819202153139145908e-22
9.792952194032584967e-22
9.766789596043413770e-22
9.740714167143294583e-22
9.714725713026398520e-22
9.688824037186726739e-22
9.663008940993703193e-22
9.637280223765948656e-22
9.611637682843395890e-22
9.586081113657698937e-22
9.560610309800996716e-22
9.535225063093081707e-22
9.509925163646960572e-22
9.484710399932874388e-22
9.459580558840829310e-22
9.434535425741583099e-22
9.409574784546190960e-22
9.384698417764170886e-22
9.359906106560171890e-22
9.335197630809367059e-22
9.310572769151405924e-22
9.286031299043144316e-22
9.261572996809989957e-22
9.237197637696051875e-22
9.212904995912997704e-22
9.188694844687724219e-22
9.164566956308835436e-22
9.140521102171939585e-22
9.116557052823810082e-22
9.092674578005425545e-22
9.068873446693937771e-22
9.045153427143516867e-22
9.021514286925158192e-22
8.997955792965530097e-22
8.974477711584696945e-22
8.951079808532939361e-22
8.927761849026587057e-22
8.904523597782886816e-22
8.881364819053971460e-22
8.858285276659895942e-22
8.835284734020810155e-22
8.812362954188244011e-22
8.789519699875568730e-22
8.766754733487587324e-22
8.744067817149346434e-22
8.721458712734126264e-22
8.698927181890708281e-22
8.676472986069770245e-22
8.654095886549668082e-22
8.631795644461401512e-22
8.609572020812859318e-22
8.587424776512485343e-22
8.565353672392083079e-22
8.543358469229133133e-22
8.521438927768318877e-22
8.499594808742519842e-22
8.477825872893105449e-22
8.456131880989674847e-22
8.434512593849204316e-22
8.412967772354533548e-22
8.391497177472418430e-22
8.370100570270924594e-22
8.348777711936323501e-22
8.327528363789455326e-22
8.306352287301566157e-22
8.285249244109678759e-22
8.264218996031423550e-22
8.243261305079434177e-22
8.222375933475238096e-22
8.201562643662701408e-22
8.180821198321088128e-22
8.160151360377573090e-22
8.139552893019436997e-22
8.119025559705779982e-22
8.098569124178865603e-22
8.078183350475082090e-22
8.057868002935482301e-22
8.037622846215981366e-22
8.017447645297182883e-22
7.997342165493864687e-22
7.977306172464090340e-22
7.957339432218006531e-22
7.937441711126328264e-22
7.917612775928449774e-22
7.897852393740327854e-22
7.878160332061980575e-22
7.858536358784767826e-22
7.838980242198309802e-22
7.819491750997202370e-22
7.800070654287422101e-22
7.780716721592451070e-22
7.761429722859208863e-22
7.742209428463657341e-22
7.723055609216248349e-22
7.703968036367060155e-22
7.684946481610744870e-22
7.665990717091284971e-22
7.647100515406447013e-22
7.628275649612122494e-22
7.609515893226411049e-22
7.590821020233520279e-22
7.572190805087483125e-22
7.553625022715672131e-22
7.535123448522160415e-22
7.516685858390900207e-22
7.498312028688704844e-22
7.480001736268121676e-22
7.461754758470115016e-22
7.443570873126576995e-22
7.425449858562721809e-22
7.407391493599353014e-22
7.389395557554949319e-22
7.371461830247639422e-22
7.353590091997030136e-22
7.335780123625951762e-22
7.318031706462040777e-22
7.300344622339215311e-22
7.282718653599061296e-22
7.265153583092058736e-22
7.247649194178787294e-22
7.230205270730916534e-22
7.212821597132227184e-22
7.195497958279425524e-22
7.178234139582964346e-22
7.161029926967665501e-22
