3.250225045610418077e-20
3.250448483219126446e-20
3.250694000363189372e-20
3.250863265748919336e-20
3.250937383432155329e-20
3.250928404624319016e-20
3.250853695854747728e-20
3.250730136198390192e-20
3.250572871219634038e-20
3.250394857292190482e-20
3.250206732374179003e-20
3.250016923237705154e-20
3.249831889436987795e-20
3.249656419499306359e-20
3.249493926819173740e-20
3.249346718990960301e-20
3.249216230570640220e-20
3.249103217952294265e-20
3.249007919157415965e-20
3.248930182940531831e-20
3.248869571941747965e-20
3.248825444342284516e-20
3.248797017960731449e-20
3.248783420146216170e-20
3.248783726266463178e-20
3.248796989089783710e-20
3.248822260932237918e-20
3.248858610082587155e-20
3.248905132721679392e-20
3.248960961311494324e-20
3.249025270233061932e-20
3.249097279294289294e-20
3.249176255601613614e-20
3.249261514187221028e-20
3.249352417701828279e-20
3.249448375417525864e-20
3.249548841733030107e-20
3.249653314331809820e-20
3.249761332110399576e-20
3.249872472967659029e-20
3.249986351524715010e-20
3.250102616828569931e-20
3.250220950079105418e-20
3.250341062408865462e-20
3.250462692736557537e-20
3.250585605709024329e-20
3.250709589741118298e-20
3.250834455159255682e-20
3.250960032451267977e-20
3.251086170622948143e-20
3.251212735659973455e-20
3.251339609092624876e-20
3.251466686659751390e-20
3.251593877067986033e-20
3.251721100841558256e-20
3.251848289258005179e-20
3.251975383364924768e-20
3.252102333072818300e-20
3.252229096319311391e-20
3.252355638299991143e-20
3.252481930761328049e-20
3.252607951351407093e-20
3.252733683024252060e-20
3.252859113493897222e-20
3.252984234734440001e-20
3.253109042522680751e-20
3.253233536020009990e-20
3.253357717390536819e-20
3.253481591452662910e-20
3.253605165361333562e-20
3.253728448318681172e-20
3.253851451310603150e-20
3.253974186867318282e-20
3.254096668845844969e-20
3.254218912232640964e-20
3.254340932964732620e-20
3.254462747767782104e-20
3.254584374009681210e-20
3.254705829568383814e-20
3.254827132712743174e-20
3.254948301995250267e-20
3.255069356155673501e-20
3.255190314034668111e-20
3.255311194496451282e-20
3.255432016359800891e-20
3.255552798336624962e-20
3.255673558977451228e-20
3.255794316623204255e-20
3.255915089362738682e-20
3.256035894995577898e-20
3.256156750999429019e-20
3.256277674502009542e-20
3.256398682256788449e-20
3.256519790622316773e-20
3.256641015544774450e-20
3.256762372543428353e-20
3.256883876698792632e-20
3.257005542643109207e-20
3.257127384553067750e-20
3.257249416144409471e-20
3.257371650668334056e-20
3.257494100909449755e-20
3.257616779185169119e-20
3.257739697346333728e-20
3.257862866779012523e-20
3.257986298407278159e-20
3.258110002696881315e-20
3.258233989659742326e-20
3.258358268859107256e-20
3.258482849415347959e-20
3.258607740012288156e-20
3.258732948903992940e-20
3.258858483921982585e-20
3.258984352482750299e-20
3.259110561595630243e-20
3.259237117870855144e-20
3.259364027527871499e-20
3.259491296403770930e-20
3.259618929961878032e-20
3.259746933300441126e-20
3.259875311161361542e-20
3.260004067939008959e-20
3.260133207689028922e-20
3.260262734137150963e-20
3.260392650687999132e-20
3.260522960433856777e-20
3.260653666163374765e-20
3.260784770370247187e-20
3.260916275261767907e-20
3.261048182767363637e-20
3.261180494546987378e-20
3.261313211999437232e-20
3.261446336270568694e-20
3.261579868261391975e-20
3.261713808636059203e-20
3.261848157829720405e-20
3.261982916056276585e-20
3.262118083315993760e-20
3.262253659402983400e-20
3.262389643912575724e-20
3.262526036248541943e-20
3.262662835630194918e-20
3.262800041099349595e-20
3.262937651527163664e-20
3.263075665620831974e-20
3.263214081930152750e-20
3.263352898853971632e-20
3.263492114646487293e-20
3.263631727423406587e-20
3.263771735168012437e-20
3.263912135737066805e-20
3.264052926866602330e-20
3.264194106177580343e-20
3.264335671181426718e-20
3.264477619285449747e-20
3.264619947798114788e-20
3.264762653934238852e-20
3.264905734820004047e-20
3.265049187497917441e-20
3.265193008931601820e-20
3.265337196010506388e-20
3.265481745554477240e-20
3.265626654318238162e-20
3.265771918995746237e-20
3.265917536224429494e-20
3.266063502589348124e-20
3.266209814627202817e-20
3.266356468830283522e-20
3.266503461650280984e-20
3.266650789502012214e-20
3.266798448767029199e-20
3.266946435797157798e-20
3.267094746917903632e-20
3.267243378431767089e-20
3.267392326621494531e-20
3.267541587753188679e-20
3.267691158079349767e-20
3.267841033841836067e-20
3.267991211274703423e-20
3.268141686606974385e-20
3.268292456065317052e-20
3.268443515876634245e-20
3.268594862270568422e-20
3.268746491481912698e-20
3.268898399752956271e-20
3.269050583335728727e-20
3.269203038494172133e-20
3.269355761506239092e-20
3.269508748665895113e-20
3.269661996285056575e-20
3.269815500695451657e-20
3.269969258250398214e-20
3.270123265326517249e-20
3.270277518325363940e-20
3.270432013674982824e-20
3.270586747831423268e-20
3.270741717280130945e-20
3.270896918537330904e-20
3.271052348151296867e-20
3.271208002703576609e-20
3.271363878810148718e-20
3.271519973122511345e-20
3.271676282328717998e-20
3.271832803154329667e-20
3.271989532363343491e-20
3.272146466759018493e-20
3.272303603184682069e-20
3.272460938524449198e-20
3.272618469703903142e-20
3.272776193690724380e-20
3.272934107495241904e-20
3.273092208170964660e-20
3.273250492815031128e-20
3.273408958568634232e-20
3.273567602617377636e-20
3.273726422191589312e-20
3.273885414566602603e-20
3.274044577062959047e-20
3.274203907046608195e-20
3.274363401929020154e-20
3.274523059167296333e-20
3.274682876264199530e-20
3.274842850768182222e-20
3.275002980273334807e-20
3.275163262419338655e-20
3.275323694891344538e-20
3.275484275419828786e-20
3.275645001780427175e-20
3.275805871793708629e-20
3.275966883324935083e-20
3.276128034283782222e-20
3.276289322624035545e-20
3.276450746343232263e-20
3.276612303482313426e-20
3.276773992125207445e-20
3.276935810398414207e-20
3.277097756470552483e-20
3.277259828551872428e-20
3.277422024893762060e-20
3.277584343788215222e-20
3.277746783567289314e-20
3.277909342602516077e-20
3.278072019304328630e-20
3.278234812121430726e-20
3.278397719540173236e-20
3.278560740083899327e-20
3.278723872312273403e-20
3.278887114820592579e-20
3.279050466239087931e-20
3.279213925232198062e-20
3.279377490497839654e-20
3.279541160766661168e-20
3.279704934801273079e-20
3.279868811395482916e-20
3.280032789373502625e-20
3.280196867589156526e-20
3.280361044925064603e-20
3.280525320291839027e-20
3.280689692627237351e-20
3.280854160895349403e-20
3.281018724085731827e-20
3.281183381212575712e-20
3.281348131313836922e-20
3.281512973450376043e-20
3.281677906705087506e-20
3.281842930182026893e-20
3.282008043005531637e-20
3.282173244319341110e-20
3.282338533285700460e-20
3.282503909084483117e-20
3.282669370912290412e-20
3.282834917981564453e-20
3.283000549519687748e-20
3.283166264768091260e-20
3.283332062981355842e-20
3.283497943426318482e-20
3.283663905381170729e-20
3.283829948134569156e-20
3.283996070984736789e-20
3.284162273238577181e-20
3.284328554210771634e-20
3.284494913222901093e-20
3.284661349602562629e-20
3.284827862682475681e-20
3.284994451799611181e-20
3.285161116294315856e-20
3.285327855509438333e-20
3.285494668789463078e-20
3.285661555479647938e-20
3.285828514925167705e-20
3.285995546470260083e-20
3.286162649457386711e-20
3.286329823226374914e-20
3.286497067113607614e-20
3.286664380451173509e-20
3.286831762566056381e-20
3.286999212779318979e-20
3.287166730405292326e-20
3.287334314750778264e-20
3.287501965114252597e-20
3.287669680785082685e-20
3.287837461042749246e-20
3.288005305156074783e-20
3.288173212382462839e-20
3.288341181967146284e-20
3.288509213142446432e-20
3.288677305127023135e-20
3.288845457125165196e-20
3.289013668326059718e-20
3.289181937903092756e-20
3.289350265013142734e-20
3.289518648795893739e-20
3.289687088373154214e-20
3.289855582848183493e-20
3.290024131305037581e-20
3.290192732807911933e-20
3.290361386400498675e-20
3.290530091105363682e-20
3.290698845923315242e-20
3.290867649832800991e-20
3.291036501789304860e-20
3.291205400724754251e-20
3.291374345546945265e-20
3.291543335138968533e-20
3.291712368358656720e-20
3.291881444038027805e-20
3.292050560982756055e-20
3.292219717971640588e-20
3.292388913756091393e-20
3.292558147059625575e-20
3.292727416577366613e-20
3.292896720975575523e-20
3.293066058891158533e-20
3.293235428931221719e-20
3.293404829672614195e-20
3.293574259661488761e-20
3.293743717412874587e-20
3.293913201410255315e-20
3.294082710105169425e-20
3.294252241916810010e-20
3.294421795231640785e-20
3.294591368403020537e-20
3.294760959750846224e-20
3.294930567561195472e-20
3.295100190085987136e-20
3.295269825542653282e-20
3.295439472113817803e-20
3.295609127946988872e-20
3.295778791154265836e-20
3.295948459812044312e-20
3.296118131960750766e-20
3.296287805604567469e-20
3.296457478711188746e-20
3.296627149211569399e-20
3.296796814999695406e-20
3.296966473932363035e-20
3.297136123828964587e-20
3.297305762471292195e-20
3.297475387603340409e-20
3.297644996931134676e-20
3.297814588122554388e-20
3.297984158807177007e-20
3.298153706576131211e-20
3.298323228981954254e-20
3.298492723538466179e-20
3.298662187720652460e-20
3.298831618964550848e-20
3.299001014667161700e-20
3.299170372186348067e-20
3.299339688840767688e-20
3.299508961909798960e-20
3.299678188633481959e-20
3.299847366212475102e-20
3.300016491808008809e-20
3.300185562541853001e-20
3.300354575496309877e-20
3.300523527714186831e-20
3.300692416198803074e-20
3.300861237913993844e-20
3.301029989784131476e-20
3.301198668694145857e-20
3.301367271489558137e-20
3.301535794976525265e-20
3.301704235921897159e-20
3.301872591053269077e-20
3.302040857059057441e-20
3.302209030588570260e-20
3.302377108252106434e-20
3.302545086621034596e-20
3.302712962227911076e-20
3.302880731566578003e-20
3.303048391092292101e-20
3.303215937221848671e-20
3.303383366333717010e-20
3.303550674768182443e-20
3.303717858827499200e-20
3.303884914776050506e-20
3.304051838840504459e-20
3.304218627210006025e-20
3.304385276036337729e-20
3.304551781434121882e-20
3.304718139481009559e-20
3.304884346217888842e-20
3.305050397649081023e-20
3.305216289742577135e-20
3.305382018430239568e-20
3.305547579608047629e-20
3.305712969136328053e-20
3.305878182839993330e-20
3.306043216508800511e-20
3.306208065897597357e-20
3.306372726726592578e-20
3.306537194681613421e-20
3.306701465414390353e-20
3.306865534542827284e-20
3.307029397651294076e-20
3.307193050290913020e-20
3.307356487979856153e-20
3.307519706203649798e-20
3.307682700415482707e-20
3.307845466036513013e-20
3.308007998456191418e-20
3.308170293032586804e-20
3.308332345092702196e-20
3.308494149932825652e-20
3.308655702818852247e-20
3.308816998986636764e-20
3.308978033642334939e-20
3.309138801962756757e-20
3.309299299095725750e-20
3.309459520160432892e-20
3.309619460247807339e-20
3.309779114420881752e-20
3.309938477715162439e-20
3.310097545139012135e-20
3.310256311674024950e-20
3.310414772275414572e-20
3.310572921872398245e-20
3.310730755368587974e-20
3.310888267642388351e-20
3.311045453547392573e-20
3.311202307912780870e-20
3.311358825543731568e-20
3.311515001221817715e-20
3.311670829705431385e-20
3.311826305730182100e-20
3.311981424009324156e-20
3.312136179234169485e-20
3.312290566074505344e-20
