-7.149589236008851833e-21
-8.283586488488685104e-21
-1.012908579394461503e-20
-1.146113571852705875e-20
-1.201656460884404688e-20
-1.206978817432337759e-20
-1.185634378520890659e-20
-1.151438922933676335e-20
-1.111830337959159158e-20
-1.070720568812714052e-20
-1.030136094235723668e-20
-9.910930117925716450e-21
-9.540608359437221349e-21
-9.192117269121744047e-21
-8.865568933276452865e-21
-8.560224927889707573e-21
-8.274923650021741439e-21
-8.008322025103190012e-21
-7.759031488722293293e-21
-7.525692935187512478e-21
-7.307016132386974782e-21
