-6.338986783305192053e-23
-8.433163535288388502e-23
-7.985587864591318206e-23
-5.691955802401099354e-23
-3.343399220087067514e-23
-1.422935344347382110e-23
6.532068029955769858e-25
1.212558344803229331e-23
2.106275521264422376e-23
2.813368429541105287e-23
3.382112054673823213e-23
3.846944449807230062e-23
4.232552658828714791e-23
4.556831429981383945e-23
4.832926354921386166e-23
5.070629265939500594e-23
5.277334225022542977e-23
5.458698443768640784e-23
5.619104507969237902e-23
5.761987668790416045e-23
5.890070498007691430e-23
