1.299720899103859795e+00
1.299556927671342343e+00
1.299067472356900677e+00
1.298259793912071247e+00
1.297145617337139178e+00
1.295740604499731718e+00
1.294063683874683957e+00
1.292136293065105690e+00
1.289981591074726097e+00
1.287623692104103101e+00
1.285086962760399132e+00
1.282395412224838438e+00
1.279572192215112647e+00
1.276639212138279245e+00
1.273616865654030317e+00
1.270523858357154756e+00
1.267377122368542164e+00
1.264191801920512503e+00
1.260981294017831544e+00
1.257757329413654368e+00
1.254530080982649842e+00
1.251308288720924811e+00
1.248099392779640660e+00
1.244909667968314038e+00
1.241744354945236273e+00
1.238607784804829137e+00
1.235503494973147376e+00
1.232434335254850799e+00
1.229402563572440155e+00
1.226409931439908840e+00
1.223457759556632940e+00
1.220547004127933599e+00
1.217678314646432725e+00
1.214852083927601800e+00
1.212068491203994069e+00
1.209327539060738088e+00
1.206629084951881037e+00
1.203972867981792927e+00
1.201358531574292510e+00
1.198785642588886313e+00
1.196253707381487619e+00
1.193762185248078422e+00
1.191310499635056308e+00
1.188898047450231976e+00
1.186524206763481804e+00
1.184188343146195033e+00
1.181889814863374744e+00
1.179627977101353808e+00
1.177402185387191658e+00
1.175211798332507662e+00
1.173056179814345956e+00
1.170934700688390562e+00
1.168846740115005778e+00
1.166791686565889385e+00
1.164768938568339740e+00
1.162777905234932962e+00
1.160818006618610898e+00
1.158888673926566915e+00
1.156989349620741292e+00
1.155119487428019065e+00
1.153278552279249913e+00
1.151466020192869699e+00
1.149681378116109265e+00
1.147924123734411328e+00
1.146193765257738972e+00
1.144489821190782131e+00
1.142811820092744179e+00
1.141159300331229698e+00
1.139531809833824738e+00
1.137928905840190019e+00
1.136350154656843525e+00
1.134795131416283409e+00
1.133263419841682662e+00
1.131754612018032624e+00
1.130268308170337077e+00
1.128804116449227513e+00
1.127361652724198304e+00
1.125940540384520627e+00
1.124540410147766289e+00
1.123160899875819574e+00
1.121801654398164594e+00
1.120462325342213017e+00
1.119142570970369066e+00
1.117842056023573116e+00
1.116560451570974166e+00
1.115297434865441861e+00
1.114052689204590330e+00
1.112825903797022287e+00
1.111616773633469224e+00
1.110424999362561449e+00
1.109250287170945093e+00
1.108092348667473859e+00
1.106950900771237256e+00
1.105825665603193730e+00
1.104716370381177315e+00
1.103622747318084185e+00
1.102544533523045489e+00
1.101481470905402826e+00
1.100433306081334939e+00
1.099399790282969969e+00
1.098380679269853388e+00
1.097375733242635265e+00
1.096384716758865618e+00
1.095407398650781960e+00
1.094443551944987991e+00
1.093492953783944177e+00
1.092555385349164521e+00
1.091630631786065786e+00
1.090718482130375921e+00
1.089818729236057937e+00
1.088931169704674851e+00
1.088055603816143746e+00
1.087191835460840972e+00
1.086339672072992091e+00
1.085498924565326817e+00
1.084669407264939878e+00
1.083850937850342255e+00
1.083043337289651520e+00
1.082246429779903485e+00
1.081460042687452106e+00
1.080684006489433635e+00
1.079918154716268175e+00
1.079162323895178854e+00
1.078416353494705548e+00
1.077680085870195370e+00
1.076953366210249063e+00
1.076236042484104871e+00
1.075527965389948770e+00
1.074828988304126209e+00
1.074138967231248687e+00
1.073457760755175849e+00
1.072785229990858236e+00
1.072121238537029786e+00
1.071465652429737458e+00
1.070818340096691079e+00
1.070179172312425875e+00
1.069548022154261258e+00
1.068924764959047646e+00
1.068309278280687558e+00
1.067701441848417421e+00
1.067101137525846788e+00
1.066508249270733621e+00
1.065922663095490996e+00
1.065344267028414116e+00
1.064772951075613427e+00
1.064208607183648736e+00
1.063651129202846990e+00
1.063100412851299748e+00
1.062556355679525666e+00
1.062018857035791575e+00
1.061487818032075037e+00
1.060963141510670615e+00
1.060444732011413871e+00
1.059932495739527747e+00
1.059426340534072253e+00
1.058926175836993888e+00
1.058431912662757046e+00
1.057943463568558506e+00
1.057460742625104144e+00
1.056983665387949634e+00
1.056512148869385603e+00
1.056046111510865027e+00
1.055585473155960408e+00
1.055130155023841665e+00
1.054680079683270710e+00
1.054235171027089857e+00
1.053795354247217819e+00
1.053360555810120003e+00
1.052930703432765069e+00
1.052505726059042912e+00
1.052085553836648479e+00
1.051670118094415018e+00
1.051259351320090962e+00
1.050853187138552913e+00
1.050451560290447617e+00
1.050054406611251157e+00
1.049661663010739820e+00
1.049273267452868641e+00
1.048889158936042509e+00
1.048509277473778534e+00
1.048133564075748758e+00
1.047761960729197694e+00
1.047394410380728669e+00
1.047030856918445885e+00
1.046671245154455310e+00
1.046315520807706623e+00
1.045963630487178886e+00
1.045615521675395510e+00
1.045271142712269175e+00
1.044930442779264501e+00
1.044593371883872912e+00
1.044259880844400357e+00
1.043929921275049910e+00
1.043603445571304800e+00
1.043280406895598311e+00
1.042960759163267692e+00
1.042644457028787830e+00
1.042331455872273605e+00
1.042021711786254690e+00
1.041715181562707038e+00
1.041411822680343047e+00
1.041111593292152637e+00
1.040814452213189911e+00
1.040520358908602061e+00
1.040229273481891648e+00
1.039941156663414690e+00
1.039655969799101021e+00
1.039373674839399131e+00
1.039094234328438171e+00
1.038817611393402895e+00
1.038543769734116218e+00
1.038272673612828711e+00
1.038004287844205731e+00
1.037738577785511485e+00
1.037475509326987178e+00
1.037215048882413670e+00
1.036957163379861324e+00
1.036701820252620143e+00
1.036448987430304447e+00
1.036198633330133623e+00
1.035950726848380521e+00
1.035705237351986829e+00
1.035462134670340983e+00
1.035221389087214616e+00
1.034982971332857327e+00
1.034746852576241327e+00
1.034513004417457971e+00
1.034281398880259717e+00
1.034052008404747536e+00
1.033824805840195538e+00
1.033599764438017043e+00
1.033376857844864549e+00
1.033156060095858031e+00
1.032937345607950919e+00
1.032720689173413309e+00
1.032506065953446406e+00
1.032293451471916423e+00
1.032082821609205725e+00
1.031874152596183869e+00
1.031667421008289232e+00
1.031462603759728092e+00
1.031259678097776522e+00
1.031058621597195968e+00
1.030859412154749410e+00
1.030662027983823670e+00
1.030466447609151182e+00
1.030272649861630807e+00
1.030080613873246786e+00
1.029890319072080285e+00
1.029701745177416417e+00
1.029514872194941422e+00
1.029329680412027992e+00
1.029146150393110082e+00
1.028964262975141875e+00
1.028783999263141791e+00
1.028605340625817322e+00
1.028428268691272685e+00
1.028252765342793085e+00
1.028078812714707357e+00
1.027906393188327661e+00
1.027735489387961776e+00
1.027566084176997796e+00
1.027398160654062975e+00
1.027231702149249193e+00
1.027066692220409028e+00
1.026903114649519333e+00
1.026740953439107651e+00
1.026580192808747460e+00
1.026420817191613155e+00
1.026262811231097860e+00
1.026106159777494531e+00
1.025950847884732120e+00
1.025796860807173250e+00
1.025644183996469394e+00
1.025492803098468908e+00
1.025342703950184342e+00
1.025193872576810605e+00
1.025046295188796419e+00
1.024899958178969284e+00
1.024754848119708184e+00
1.024610951760169808e+00
1.024468256023560286e+00
1.024326748004457110e+00
1.024186414966176573e+00
1.024047244338187612e+00
1.023909223713571626e+00
1.023772340846525575e+00
1.023636583649907950e+00
1.023501940192829363e+00
1.023368398698283332e+00
1.023235947540817703e+00
1.023104575244247139e+00
1.022974270479406034e+00
1.022845022061936726e+00
1.022716818950118789e+00
1.022589650242733628e+00
1.022463505176967935e+00
1.022338373126349342e+00
1.022214243598719596e+00
1.022091106234241931e+00
1.021968950803442633e+00
1.021847767205283253e+00
1.021727545465267895e+00
1.021608275733582927e+00
1.021489948283264226e+00
1.021372553508399728e+00
1.021256081922358838e+00
1.021140524156052498e+00
1.021025870956222992e+00
1.020912113183761294e+00
1.020799241812051950e+00
1.020687247925347485e+00
1.020576122717166578e+00
1.020465857488722428e+00
1.020356443647372657e+00
1.020247872705099201e+00
1.020140136277010168e+00
1.020033226079866573e+00
1.019927133930634167e+00
1.019821851745059238e+00
1.019717371536265071e+00
1.019613685413374604e+00
1.019510785580152179e+00
1.019408664333670611e+00
1.019307314062996017e+00
1.019206727247897737e+00
1.019106896457576239e+00
1.019007814349412566e+00
1.018909473667736876e+00
1.018811867242618963e+00
1.018714987988675214e+00
1.018618828903896656e+00
1.018523383068494548e+00
1.018428643643764397e+00
1.018334603870969302e+00
1.018241257070238381e+00
1.018148596639485426e+00
1.018056616053342189e+00
1.017965308862110119e+00
1.017874668690727180e+00
1.017784689237752893e+00
1.017695364274365799e+00
1.017606687643380914e+00
1.017518653258278505e+00
1.017431255102250187e+00
1.017344487227259453e+00
1.017258343753116412e+00
1.017172818866566741e+00
1.017087906820395293e+00
1.017003601932542578e+00
1.016919898585235238e+00
1.016836791224130954e+00
1.016754274357474008e+00
1.016672342555265729e+00
1.016590990448446918e+00
1.016510212728092943e+00
1.016430004144619925e+00
1.016350359507005141e+00
1.016271273682016751e+00
1.016192741593457294e+00
1.016114758221416281e+00
1.016037318601536565e+00
1.015960417824290030e+00
1.015884051034263935e+00
1.015808213429459705e+00
1.015732900260599703e+00
1.015658106830447105e+00
1.015583828493132446e+00
1.015510060653494140e+00
1.015436798766424786e+00
1.015364038336231234e+00
1.015291774915999534e+00
1.015220004106972995e+00
1.015148721557937783e+00
1.015077922964617629e+00
1.015007604069077418e+00
1.014937760659135435e+00
1.014868388567784052e+00
1.014799483672620184e+00
1.014731041895281294e+00
1.014663059200892503e+00
1.014595531597519473e+00
1.014528455135630614e+00
1.014461825907566395e+00
1.014395640047015990e+00
1.014329893728502352e+00
1.014264583166873956e+00
1.014199704616804087e+00
1.014135254372296790e+00
1.014071228766201038e+00
1.014007624169730226e+00
1.013944436991989884e+00
1.013881663679510936e+00
1.013819300715790517e+00
1.013757344620839218e+00
1.013695791950733671e+00
1.013634639297176010e+00
1.013573883287060218e+00
1.013513520582044247e+00
1.013453547878126804e+00
1.013393961905231455e+00
1.013334759426796738e+00
1.013275937239370483e+00
1.013217492172211465e+00
1.013159421086895717e+00
1.013101720876927070e+00
1.013044388467356338e+00
1.012987420814402295e+00
1.012930814905079968e+00
1.012874567756833377e+00
1.012818676417173158e+00
1.012763137963319515e+00
1.012707949501849392e+00
1.012653108168349858e+00
1.012598611127074388e+00
1.012544455570605351e+00
1.012490638719519831e+00
1.012437157822061229e+00
1.012384010153813962e+00
1.012331193017383946e+00
1.012278703742082397e+00
1.012226539683613424e+00
1.012174698223768043e+00
1.012123176770119537e+00
1.012071972755725024e+00
1.012021083638829255e+00
1.011970506902573952e+00
1.011920240054710263e+00
1.011870280627314544e+00
1.011820626176509252e+00
1.011771274282185828e+00
1.011722222547732919e+00
1.011673468599766812e+00
1.011625010087866539e+00
1.011576844684311638e+00
1.011528970083823253e+00
1.011481384003310113e+00
1.011434084181615622e+00
1.011387068379269616e+00
1.011340334378244332e+00
1.011293879981710164e+00
1.011247703013798294e+00
1.011201801319364879e+00
1.011156172763757244e+00
1.011110815232585169e+00
1.011065726631493300e+00
1.011020904885937988e+00
1.010976347940965692e+00
1.010932053760995153e+00
1.010888020329601344e+00
1.010844245649304529e+00
1.010800727741358207e+00
1.010757464645543280e+00
1.010714454419963104e+00
1.010671695140841209e+00
1.010629184902322786e+00
1.010586921816276185e+00
1.010544904012100176e+00
1.010503129636530772e+00
1.010461596853452715e+00
1.010420303843711176e+00
1.010379248804927688e+00
1.010338429951317396e+00
1.010297845513508985e+00
1.010257493738367041e+00
1.010217372888815079e+00
1.010177481243663689e+00
1.010137817097437773e+00
1.010098378760207583e+00
1.010059164557422617e+00
1.010020172829744434e+00
1.009981401932886325e+00
1.009942850237449008e+00
1.009904516128764751e+00
1.009866398006737942e+00
1.009828494285691214e+00
1.009790803394211567e+00
1.009753323774998712e+00
1.009716053884716525e+00
1.009678992193844493e+00
1.009642137186531397e+00
1.009605487360452747e+00
1.009569041226666242e+00
1.009532797309472985e+00
1.009496754146277375e+00
1.009460910287449886e+00
1.009425264296192060e+00
1.009389814748401726e+00
1.009354560232540887e+00
1.009319499349505156e+00
1.009284630712494080e+00
1.009249952946883688e+00
1.009215464690100372e+00
1.009181164591495650e+00
1.009147051312223820e+00
1.009113123525119837e+00
1.009079379914578523e+00
1.009045819176436654e+00
1.009012440017854839e+00
1.008979241157201612e+00
