7.900253468752769948e+01
2.021385615690796556e+00
1.874759201438991107e+00
1.826726443982062076e+00
1.802300839521250087e+00
1.787272744434140082e+00
1.776790497016248915e+00
1.768732701094578585e+00
1.762045684683651858e+00
1.756160660875341506e+00
1.750751069745459798e+00
1.745620263493854463e+00
1.740645364793453886e+00
1.735747430698411531e+00
1.730874764616874062e+00
1.725993164566892446e+00
1.721080003270629932e+00
1.716120511560504713e+00
1.711105374107688037e+00
1.706029131638220564e+00
1.700889092885099929e+00
1.695684526558837835e+00
1.690416277401231904e+00
1.685086220975331450e+00
1.679697027641263940e+00
1.674251948212419849e+00
1.668754651426811009e+00
1.663209099186389484e+00
1.657619449762173902e+00
1.651989982020092507e+00
1.646325035673589898e+00
1.640628963921436423e+00
1.634906095778233981e+00
1.629160706080396537e+00
1.623396991636145925e+00
1.617619052342195163e+00
1.611830876350266006e+00
1.606036328561281090e+00
1.600239141871357962e+00
1.594442910705336169e+00
1.588651086459970108e+00
1.582866983172499964e+00
1.577093754812396886e+00
1.571334410734103404e+00
1.565591812649202108e+00
1.559868675867807530e+00
1.554167571196827913e+00
1.548490927382560001e+00
1.542841034001247946e+00
1.537220044714292966e+00
1.531629980816274994e+00
1.526072735013777493e+00
1.520550075381241983e+00
1.515063649447407013e+00
1.509614988372220079e+00
1.504205511179557586e+00
1.498836529015934005e+00
1.493509249409570971e+00
1.488224780507972023e+00
1.482984135275307036e+00
1.477788235633819891e+00
1.472637953200712557e+00
1.467534004355987909e+00
1.462477061818828972e+00
1.457467723051458108e+00
1.452506513962180001e+00
1.447593892501493062e+00
1.442730252147655046e+00
1.437915925279616092e+00
1.433151186435620117e+00
1.428436255456954962e+00
1.423771300516669891e+00
1.419156441033867955e+00
1.414591750474528009e+00
1.410077259040341868e+00
1.405612956247249912e+00
1.401198793395835862e+00
1.396834685935835596e+00
1.392520515727271979e+00
1.388256133200880482e+00
1.384041359420610018e+00
1.379876026951992518e+00
1.375759864627214002e+00
1.371692616796384323e+00
1.367674005777312018e+00
1.363703733472279911e+00
1.359781482904722116e+00
1.355906919678884437e+00
1.352079693365316082e+00
1.348299438815143025e+00
1.344565777406005136e+00
1.340878318222385124e+00
1.337236659173107967e+00
1.333640388048666026e+00
1.330089083520981985e+00
1.326582316088062541e+00
1.323119648966060158e+00
1.319700638931079029e+00
1.316324837113010959e+00
1.312991789743615190e+00
1.309701038860960010e+00
1.306452155699712403e+00
1.303244642388963870e+00
1.300078032202365286e+00
1.296951856643087986e+00
1.293865645959352495e+00
1.290818929627562950e+00
1.287811236804569992e+00
1.284842096750817841e+00
1.281911039225588578e+00
1.279017594856014961e+00
1.276161295481032409e+00
1.273341674471679896e+00
1.270558267028905508e+00
1.267810610460152088e+00
1.265098244435719943e+00
1.262420711226152070e+00
1.259777555921523406e+00
1.257168326633656186e+00
1.254592574682239059e+00
1.252049854765719950e+00
1.249539750551843964e+00
1.247061797826696017e+00
1.244615562319527413e+00
1.242200613685972010e+00
1.239816525614577447e+00
1.237462875922521022e+00
1.235139246641257849e+00
1.232845224092598002e+00
1.230580398955849919e+00
1.228344366326544979e+00
1.226136725767200453e+00
1.223957081350677933e+00
1.221805041696549576e+00
1.219680220000906923e+00
1.217582234060065050e+00
1.215510706288474019e+00
1.213465263731293486e+00
1.211445538071921124e+00
1.209451165634797487e+00
1.207481787383920091e+00
1.205537068131611544e+00
1.203616638336088895e+00
1.201720152842120859e+00
1.199847271089560019e+00
1.197997657094012514e+00
1.196170979424689973e+00
1.194366911179608470e+00
1.192585129958400048e+00
1.190825317832864494e+00
1.189087161315520058e+00
1.187370351326232587e+00
1.185674583157158013e+00
1.183999556436061473e+00
1.182344975088273964e+00
1.180710547297292523e+00
1.179095985464245988e+00
1.177501006166255637e+00
1.175925330113916978e+00
1.174368682107889361e+00
1.172830790994779937e+00
1.171311404040309867e+00
1.169810243217211054e+00
1.168327049248262473e+00
1.166861566719775922e+00
1.165413544035059923e+00
1.163982733367538991e+00
1.162568890613693950e+00
1.161171775345862134e+00
1.159791150764921452e+00
1.158426783652924952e+00
1.157078444325802424e+00
1.155745906586006067e+00
1.154428947675325112e+00
1.153127348227795057e+00
1.151840892222772528e+00
1.150569366938229976e+00
1.149312562904196922e+00
1.148070273856591106e+00
1.146842296691158003e+00
1.145628431417899940e+00
1.144428491969636363e+00
1.143242273291154909e+00
1.142069584471455457e+00
1.140910237534431992e+00
1.139764047394942637e+00
1.138630831815419908e+00
1.137510411362862905e+00
1.136402609366210070e+00
1.135307251874237977e+00
1.134224167613864909e+00
1.133153187948925389e+00
1.132094146839423887e+00
1.131046880801260368e+00
1.130011228866399042e+00
1.128987032543590008e+00
1.127974135779520104e+00
1.126972384920498893e+00
1.125981628674581847e+00
1.125001718074231993e+00
1.124032506439470058e+00
1.123073857578170465e+00
1.122125620817288061e+00
1.121187656128483034e+00
1.120259825628395989e+00
1.119341993544262559e+00
1.118434026180037844e+00
1.117535791882958041e+00
1.116647161010678069e+00
1.115768005898800652e+00
1.114898200828944974e+00
1.114037621997272964e+00
1.113186147483489874e+00
1.112343657220306481e+00
1.111510032963405115e+00
1.110685158261804917e+00
1.109868918428744022e+00
1.109061200512982959e+00
1.108261893270562126e+00
1.107470887137017357e+00
1.106688074200010030e+00
1.105913354486791844e+00
1.105146616830422035e+00
1.104387758118879681e+00
1.103636676787058013e+00
1.102893272791557466e+00
1.102157447585844885e+00
1.101429104095849931e+00
1.100708146695920098e+00
1.099994481185248008e+00
1.099288014764574939e+00
1.098588656013377962e+00
1.097896314867381928e+00
1.097210902596446491e+00
1.096532331782837044e+00
1.095860516299852483e+00
1.095195371290808017e+00
1.094536813148355492e+00
1.093884759494174075e+00
1.093239129159000456e+00
1.092599842162949919e+00
1.091966824590415941e+00
1.091339993766689886e+00
1.090719273168214487e+00
1.090104587385423818e+00
1.089495862104739921e+00
1.088893024090858974e+00
1.088296001169247074e+00
1.087704722209090091e+00
1.087119117106375432e+00
1.086539116767375024e+00
1.085964653092343912e+00
1.085395658959545928e+00
1.084832068209488076e+00
1.084273815629493987e+00
1.083720836938490084e+00
1.083173068772075975e+00
1.082630448667835532e+00
1.082092915050899107e+00
1.081560407219779307e+00
1.081032865332429926e+00
1.080510234228175381e+00
1.079992451815958043e+00
1.079479460752644115e+00
1.078971204501047998e+00
1.078467627317160060e+00
1.077968674237551161e+00
1.077474291067044065e+00
1.076984424366534077e+00
1.076499021441069015e+00
1.076018030328124819e+00
1.075541399786021479e+00
1.075069079282648055e+00
1.074601018984277401e+00
1.074137169744610043e+00
1.073677483094024998e+00
1.073221911228984027e+00
1.072770407001600868e+00
1.072322923909480030e+00
1.071879416085582459e+00
1.071439838288390067e+00
1.071004148930955635e+00
1.070572300885888950e+00
1.070144250731965840e+00
1.069719955635547892e+00
1.069299373341535020e+00
1.068882462164406855e+00
1.068469180979469524e+00
1.068059489214249869e+00
1.067653346839998463e+00
1.067250714363364938e+00
1.066851552818197435e+00
1.066455823757495924e+00
1.066063489245506535e+00
1.065674511849895145e+00
1.065288854634137472e+00
1.064906481149958006e+00
1.064527355429941480e+00
1.064151441980250912e+00
1.063778705773495981e+00
1.063409112241660015e+00
1.063042629701637320e+00
1.062679221998211965e+00
1.062318855901503989e+00
1.061961498614035992e+00
1.061607117764225006e+00
1.061255681400038897e+00
1.060907157982730498e+00
1.060561516380676084e+00
1.060218725863348643e+00
1.059878756095329999e+00
1.059541577130500345e+00
1.059207159406245990e+00
1.058875473737803441e+00
1.058546491312706950e+00
1.058220183685280036e+00
1.057896522771293979e+00
1.057575480842607885e+00
1.057257030521999930e+00
1.056941144778020591e+00
1.056627796919950013e+00
1.056316962559058492e+00
1.056008613664146001e+00
1.055702724538002846e+00
1.055399269804743856e+00
1.055098224405214946e+00
1.054799563592343947e+00
1.054503262926700602e+00
1.054209298272043904e+00
1.053917645790962920e+00
1.053628281940604872e+00
1.053341183468458953e+00
1.053056327408199877e+00
1.052773691075593598e+00
1.052493252064506057e+00
1.052214988242937466e+00
1.051938877749118095e+00
1.051664898987712427e+00
1.051393030626007086e+00
1.051123251590261543e+00
1.050855541061989973e+00
1.050589880078444116e+00
1.050326246685046039e+00
1.050064620808473626e+00
1.049804982616628024e+00
1.049547312515330066e+00
1.049291591144920099e+00
1.049037799377088076e+00
1.048785918311575971e+00
1.048535929273064937e+00
1.048287813808044922e+00
1.048041553681754889e+00
1.047797130875148142e+00
1.047554527581950001e+00
1.047313726205711948e+00
1.047074709356932587e+00
1.046837459850229912e+00
1.046601960701559531e+00
1.046368195125443989e+00
1.046136146532282485e+00
1.045905798525690100e+00
1.045677136219667069e+00
1.045450142251401093e+00
1.045224800788993935e+00
1.045001096183490130e+00
1.044779012966424947e+00
1.044558535847385006e+00
1.044339649711609974e+00
1.044122339617655992e+00
1.043906590795061540e+00
1.043692388642070146e+00
1.043479718723372640e+00
1.043268566767910022e+00
1.043058918666663448e+00
1.042850760470527050e+00
1.042644078388177409e+00
1.042438858783996114e+00
1.042235088176017621e+00
1.042032753233878006e+00
1.041831840776872076e+00
1.041632337771950079e+00
1.041434232426499573e+00
1.041237510882241146e+00
1.041042160537983152e+00
1.040848168932597906e+00
1.040655523743239996e+00
1.040464212783535958e+00
1.040274224001831893e+00
1.040085545479414009e+00
1.039898165428825072e+00
1.039712072192169989e+00
1.039527254239431597e+00
1.039343700166827977e+00
1.039161398695215066e+00
1.038980338668469061e+00
1.038800509051925003e+00
1.038621898930836007e+00
1.038444497508811182e+00
1.038268294106350131e+00
1.038093278159347044e+00
1.037919439217620088e+00
1.037746767858326091e+00
1.037575252923885971e+00
1.037404884297619567e+00
1.037235651971115891e+00
1.037067546042899968e+00
1.036900556717093913e+00
1.036734674302064452e+00
1.036569889209155937e+00
1.036406191951385614e+00
1.036243573142194840e+00
1.036082023494174331e+00
1.035921533817868001e+00
1.035762095020536400e+00
1.035603698104964110e+00
1.035446334168307558e+00
1.035289994400871993e+00
1.035134670085051001e+00
1.034980352594121911e+00
1.034827033391162887e+00
1.034674704027960024e+00
1.034523356913798153e+00
1.034372982991718981e+00
1.034223574073352081e+00
1.034075122054820106e+00
1.033927618915644997e+00
1.033781056717788971e+00
1.033635427604642665e+00
1.033490723800031930e+00
1.033346937607251048e+00
1.033204061408119934e+00
1.033062087662040884e+00
1.032921008905056004e+00
1.032780817748949032e+00
1.032641506880310978e+00
1.032503069059695022e+00
1.032365497120683928e+00
1.032228783969067365e+00
1.032092922581962169e+00
1.031957906006971459e+00
1.031823727361349974e+00
1.031690380483348601e+00
1.031557857964295000e+00
1.031426153125692080e+00
1.031295259355468064e+00
1.031165170107209983e+00
1.031035878899394964e+00
1.030907379314615957e+00
1.030779664998865863e+00
1.030652729660763933e+00
1.030526567070854993e+00
1.030401171060868037e+00
1.030276535523052095e+00
1.030152654409415947e+00
1.030029521731086861e+00
1.029907131557600053e+00
1.029785478016252087e+00
1.029664555291416539e+00
1.029544357623898954e+00
1.029424879310290919e+00
1.029306114702349895e+00
1.029188058762112501e+00
1.029070705385213058e+00
1.028954049085224920e+00
1.028838084428413957e+00
1.028722806033107506e+00
1.028608208569133931e+00
1.028494286757249077e+00
1.028381035368530094e+00
1.028268449223836978e+00
1.028156523193245020e+00
1.028045252195487036e+00
1.027934631197412019e+00
1.027824655213463112e+00
1.027715319305119834e+00
1.027606618580374942e+00
1.027498548193258143e+00
1.027391103343276546e+00
1.027284279274929046e+00
1.027178071277212057e+00
1.027072474683119907e+00
1.026967485345583908e+00
1.026863098200526903e+00
1.026759308710174956e+00
1.026656112378842023e+00
1.026553504752490076e+00
1.026451481418258149e+00
1.026350038003996046e+00
1.026249170177855996e+00
1.026148873647849014e+00
1.026049144161375049e+00
1.025949977504839961e+00
1.025851369503201882e+00
1.025753316019570427e+00
1.025655812954794133e+00
1.025558856247045014e+00
1.025462441871425989e+00
1.025366565839566535e+00
1.025271224199229891e+00
1.025176413033934031e+00
