9.641995262552471197e-22
9.649606218478270473e-22
9.658744572005222906e-22
9.667980907132031046e-22
9.677157401625857309e-22
9.686670002664092596e-22
9.697012506282709584e-22
9.708585142265746079e-22
9.721649972583990473e-22
9.736345830349512473e-22
9.752718369687319178e-22
9.770748054900532517e-22
9.790371765551107957e-22
9.811498347017314521e-22
9.834019529702620337e-22
9.857817545654389438e-22
9.882770431036267875e-22
9.908755701735497129e-22
9.935652874967780340e-22
9.963345165936946530e-22
9.991720592320123313e-22
1.002067265353982217e-21
1.005010070570069804e-21
1.007991012015395715e-21
1.011001228983483069e-21
1.014032453015011794e-21
1.017076990847593363e-21
1.020127702700060552e-21
1.023177977680242218e-21
1.026221707603076245e-21
1.029253260137569010e-21
1.032267451931192882e-21
1.035259522162810842e-21
1.038225106830884670e-21
1.041160213978620968e-21
1.044061199981311364e-21
1.046924746966008941e-21
1.049747841394158838e-21
1.052527753809621283e-21
1.055262019735070236e-21
1.057948421686049045e-21
1.060584972263243877e-21
1.063169898277803592e-21
1.065701625861286030e-21
1.068178766510467816e-21
1.070600104016842299e-21
1.072964582231296835e-21
1.075271293615836946e-21
1.077519468535605598e-21
1.079708465246584118e-21
1.081837760536250119e-21
1.083906940976685672e-21
1.085915694751718673e-21
1.087863804021870366e-21
1.089751137792886528e-21
1.091577645255724455e-21
1.093343349567735143e-21
1.095048342046680016e-21
1.096692776750954363e-21
1.098276865421077409e-21
1.099800872759050706e-21
1.101265112023716844e-21
1.102669940921634825e-21
1.104015757774288381e-21
1.105302997943681311e-21
1.106532130499563107e-21
1.107703655112612429e-21
1.108818099158821752e-21
1.109876015021478839e-21
1.110877977577810113e-21
1.111824581858372038e-21
1.112716440867894302e-21
1.113554183557173836e-21
1.114338452936130465e-21
1.115069904318921362e-21
1.115749203692484290e-21
1.116377026200547109e-21
1.116954054735549174e-21
1.117480978631507413e-21
1.117958492451244705e-21
1.118387294861848031e-21
1.118768087592616999e-21
1.119101574470148863e-21
1.119388460525527247e-21
1.119629451168891889e-21
1.119825251427050621e-21
1.119976565239961800e-21
1.120084094812273131e-21
1.120148540016287899e-21
1.120170597843023211e-21
1.120150961898161030e-21
1.120090321939959651e-21
1.119989363456381176e-21
1.119848767278782507e-21
1.119669209229832776e-21
1.119451359803295152e-21
1.119195883873634587e-21
1.118903440433388690e-21
1.118574682356493874e-21
1.118210256185781748e-21
1.117810801943033903e-21
1.117376952960074463e-21
1.116909335729419868e-21
1.116408569773210873e-21
1.115875267529101010e-21
1.115310034251986207e-21
1.114713467930429953e-21
1.114086159216762200e-21
1.113428691369900878e-21
1.112741640209957114e-21
1.112025574083824292e-21
1.111281053840895152e-21
1.110508632818222164e-21
1.109708856834387282e-21
1.108882264191430876e-21
1.108029385684256257e-21
1.107150744616915631e-21
1.106246856825222849e-21
1.105318230705244194e-21
1.104365367247165783e-21
1.103388760074083377e-21
1.102388895485338998e-21
1.101366252504011471e-21
1.100321302928171547e-21
1.099254511385615743e-21
1.098166335391716838e-21
1.097057225410142765e-21
1.095927624916122656e-21
1.094777970462045259e-21
1.093608691745122084e-21
1.092420211676911970e-21
1.091212946454488334e-21
1.089987305633048988e-21
1.088743692199799625e-21
1.087482502648939072e-21
1.086204127057583067e-21
1.084908949162482276e-21
1.083597346437403497e-21
1.082269690171036904e-21
1.080926345545331938e-21
1.079567671714106464e-21
1.078194021881893481e-21
1.076805743382881114e-21
1.075403177759864271e-21
1.073986660843148524e-21
1.072556522829322904e-21
1.071113088359805486e-21
1.069656676599147685e-21
1.068187601312999239e-21
1.066706170945684261e-21
1.065212688697359931e-21
1.063707452600695967e-21
1.062190755597027857e-21
1.060662885611959380e-21
1.059124125630376083e-21
1.057574753770828675e-21
1.056015043359274893e-21
1.054445263002131682e-21
1.052865676658637496e-21
1.051276543712491253e-21
1.049678119042736519e-21
1.048070653093921791e-21
1.046454391945449951e-21
1.044829577380171849e-21
1.043196446952181104e-21
1.041555234053790196e-21
1.039906167981716442e-21
1.038249474002429138e-21
1.036585373416690029e-21
1.034914083623258521e-21
1.033235818181760501e-21
1.031550786874743910e-21
1.029859195768884758e-21
1.028161247275362393e-21
1.026457140209419075e-21
1.024747069849064915e-21
1.023031227992978587e-21
1.021309803017570153e-21
1.019582979933226493e-21
1.017850940439740280e-21
1.016113862980930597e-21
1.014371922798452930e-21
1.012625291984810014e-21
1.010874139535566539e-21
1.009118631400780886e-21
1.007358930535648616e-21
1.005595196950373715e-21
1.003827587759275671e-21
1.002056257229131251e-21
1.000281356826772999e-21
9.985030352659286404e-22
9.967214385533455997e-22
9.949367100341663988e-22
9.931489904365993234e-22
9.913584179158742004e-22
9.895651280974960760e-22
9.877692541197977354e-22
9.859709266758243528e-22
9.841702740545239421e-22
9.823674221812847970e-22
9.805624946578020527e-22
9.787556128013092922e-22
9.769468956831526292e-22
9.751364601667478905e-22
9.733244209449075458e-22
9.715108905765511140e-22
9.696959795228193594e-22
9.678797961825821197e-22
9.660624469273640307e-22
9.642440361356894614e-22
9.624246662268570058e-22
9.606044376941531233e-22
9.587834491375086876e-22
9.569617972956165022e-22
9.551395770775062070e-22
9.533168815935933156e-22
9.514938021862091550e-22
9.496704284596190413e-22
9.478468483095315140e-22
9.460231479521189403e-22
9.441994119525446004e-22
9.423757232530114870e-22
9.405521632003401552e-22
9.387288115730752462e-22
9.369057466081440062e-22
9.350830450270577738e-22
9.332607820616722330e-22
9.314390314795158370e-22
9.296178656086830172e-22
9.277973553623134299e-22
9.259775702626529147e-22
9.241585784647089551e-22
9.223404467795032733e-22
9.205232406969303991e-22
9.187070244082351907e-22
9.168918608280995276e-22
9.150778116163643173e-22
9.132649371993740281e-22
9.114532967909676323e-22
9.096429484131088144e-22
9.078339489161680450e-22
9.060263539988585882e-22
9.042202182278384816e-22
9.024155950569777350e-22
9.006125368462956383e-22
8.988110948805849179e-22
8.970113193877144660e-22
8.952132595566207985e-22
8.934169635549983990e-22
8.916224785466904524e-22
8.898298507087801563e-22
8.880391252483997261e-22
8.862503464192448683e-22
8.844635575378240621e-22
8.826788009994157537e-22
8.808961182937693878e-22
8.791155500205346643e-22
8.773371359044308694e-22
8.755609148101600435e-22
8.737869247570654899e-22
8.720152029335480373e-22
8.702457857112359189e-22
8.684787086589105252e-22
8.667140065562107868e-22
8.649517134070877892e-22
8.631918624530493024e-22
8.614344861861716570e-22
8.596796163618934489e-22
8.579272840115978425e-22
8.561775194549783952e-22
8.544303523121989348e-22
8.526858115158499366e-22
8.509439253226998925e-22
8.492047213252557812e-22
8.474682264631217290e-22
8.457344670341727888e-22
8.440034687055396058e-22
8.422752565244056621e-22
8.405498549286291378e-22
8.388272877571826173e-22
8.371075782604172240e-22
8.353907491101598345e-22
8.336768224096369782e-22
8.319658197032332270e-22
8.302577619860883076e-22
8.285526697135298320e-22
8.268505628103578226e-22
8.251514606799605292e-22
8.234553822132886239e-22
8.217623457976784607e-22
8.200723693255222407e-22
8.183854702028005958e-22
8.167016653574684713e-22
8.150209712477058745e-22
8.133434038700237066e-22
8.116689787672466867e-22
8.099977110363505131e-22
8.083296153361763039e-22
8.066647058950202469e-22
8.050029965180857632e-22
8.033445005948236706e-22
8.016892311061431356e-22
8.000372006315088386e-22
7.983884213559157926e-22
7.967429050767497168e-22
7.951006632105357846e-22
7.934617067995746183e-22
7.918260465184692920e-22
7.901936926805408036e-22
7.885646552441459340e-22
7.869389438188773680e-22
7.853165676716791808e-22
7.836975357328421409e-22
7.820818566019167290e-22
7.804695385535181990e-22
7.788605895430410796e-22
7.772550172122775669e-22
7.756528288949431943e-22
7.740540316221128822e-22
7.724586321275668050e-22
7.708666368530489879e-22
7.692780519534384478e-22
7.676928833018350403e-22
7.661111364945646202e-22
7.645328168560992854e-22
7.629579294438972156e-22
7.613864790531636126e-22
7.598184702215342464e-22
7.582539072336814179e-22
7.566927941258444079e-22
7.551351346902844132e-22
7.535809324796729018e-22
7.520301908113955208e-22
7.504829127718004272e-22
7.489391012203672490e-22
7.473987587938089025e-22
7.458618879101110605e-22
7.443284907725014684e-22
7.427985693733538072e-22
7.412721254980325949e-22
7.397491607286708491e-22
7.382296764478868120e-22
7.367136738424416186e-22
7.352011539068360274e-22
7.336921174468485643e-22
7.321865650830159262e-22
7.306844972540588419e-22
7.291859142202466189e-22
7.276908160667140124e-22
7.261992027067184730e-22
7.247110738848460492e-22
7.232264291801670721e-22
7.217452680093349470e-22
7.202675896296429087e-22
7.187933931420230368e-22
7.173226774939984389e-22
7.158554414825960322e-22
7.143916837571936844e-22
7.129314028223405539e-22
7.114745970405182789e-22
7.100212646348636107e-22
7.085714036918440265e-22
7.071250121638920596e-22
7.056820878719924214e-22
7.042426285082344226e-22
7.028066316383142715e-22
7.013740947040039886e-22
6.999450150255741473e-22
6.985193898041825725e-22
6.970972161242226960e-22
6.956784909556278079e-22
6.942632111561476597e-22
6.928513734735814336e-22
6.914429745479745061e-22
6.900380109137841792e-22
6.886364790020044093e-22
6.872383751422597866e-22
6.858436955648642482e-22
6.844524364028445274e-22
6.830645936939367074e-22
6.816801633825395165e-22
6.802991413216499444e-22
6.789215232747521203e-22
6.775473049176870073e-22
6.761764818404895591e-22
6.748090495491880728e-22
6.734450034675857675e-22
6.720843389390039964e-22
6.707270512280022293e-22
6.693731355220679437e-22
6.680225869332814067e-22
6.666754004999469794e-22
6.653315711882062708e-22
6.639910938936194132e-22
6.626539634427204761e-22
6.613201745945516276e-22
6.599897220421658861e-22
6.586626004141125692e-22
6.573388042758934961e-22
6.560183281313940814e-22
6.547011664242966553e-22
6.533873135394660428e-22
6.520767638043153934e-22
6.507695114901441764e-22
6.494655508134632917e-22
6.481648759372888664e-22
6.468674809724228848e-22
6.455733599787054196e-22
6.442825069662520038e-22
6.429949158966687158e-22
6.417105806842471403e-22
6.404294951971380754e-22
6.391516532585090658e-22
6.378770486476800239e-22
6.366056751012423951e-22
6.353375263141581975e-22
6.340725959408404424e-22
6.328108775962187906e-22
6.315523648567837674e-22
6.302970512616165896e-22
6.290449303133977399e-22
6.277959954794067952e-22
6.265502401924953599e-22
6.253076578520523817e-22
6.240682418249490609e-22
6.228319854464694663e-22
6.215988820212244107e-22
6.203689248240511282e-22
6.191421071008979972e-22
6.179184220696946895e-22
6.166978629212054841e-22
6.154804228198722384e-22
6.142660949046388328e-22
6.130548722897663992e-22
6.118467480656295541e-22
6.106417152995040742e-22
6.094397670363399006e-22
6.082408962995185344e-22
6.070450960915997097e-22
6.058523593950579121e-22
6.046626791730015928e-22
6.034760483698824149e-22
6.022924599121943434e-22
6.011119067091564664e-22
5.999343816533903622e-22
5.987598776215780935e-22
5.975883874751165350e-22
5.964199040607544911e-22
5.952544202112259584e-22
5.940919287458626051e-22
5.929324224712054045e-22
5.917758941815997168e-22
5.906223366597835069e-22
5.894717426774611737e-22
5.883241049958750279e-22
5.871794163663576811e-22
5.860376695308808600e-22
5.848988572225936890e-22
5.837629721663502522e-22
5.826300070792289734e-22
5.814999546710430632e-22
5.803728076448413736e-22
5.792485586974002243e-22
5.781272005197078013e-22
5.770087257974397141e-22
5.758931272114245859e-22
5.747803974381036247e-22
5.736705291499803206e-22
5.725635150160644065e-22
5.714593477023033112e-22
5.703580198720129551e-22
5.692595241862943450e-22
5.681638533044448091e-22
5.670709998843654704e-22
5.659809565829531099e-22
5.648937160564966364e-22
5.638092709610524934e-22
5.627276139528270232e-22
5.616487376885419990e-22
5.605726348257967709e-22
5.594992980234254283e-22
5.584287199418450285e-22
5.573608932433993109e-22
5.562958105926930077e-22
5.552334646569243679e-22
5.541738481062079950e-22
5.531169536138925125e-22
5.520627738568736216e-22
5.510113015159002939e-22
5.499625292758735354e-22
5.489164498261448674e-22
5.478730558608009848e-22
5.468323400789512347e-22
5.457942951850036226e-22
5.447589138889405362e-22
5.437261889065825264e-22
5.426961129598550975e-22
5.416686787770445891e-22
5.406438790930499193e-22
5.396217066496308499e-22
5.386021541956519243e-22
5.375852144873208581e-22
5.365708802884175255e-22
5.355591443705295281e-22
5.345499995132715893e-22
5.335434385045064532e-22
5.325394541405611755e-22
5.315380392264371139e-22
5.305391865760175674e-22
5.295428890122711838e-22
5.285491393674456811e-22
5.275579304832704088e-22
5.265692552111390668e-22
5.255831064122999473e-22
5.245994769580384655e-22
5.236183597298542363e-22
5.226397476196388087e-22
5.216636335298432446e-22
5.206900103736492708e-22
5.197188710751313086e-22
5.187502085694182225e-22
5.177840158028489554e-22
5.168202857331283519e-22
5.158590113294759292e-22
5.149001855727716383e-22
5.139438014557023774e-22
5.129898519829028635e-22
5.120383301710886040e-22
5.110892290491951696e-22
5.101425416585062757e-22
5.091982610527832755e-22
5.082563802983908901e-22
5.073168924744181441e-22
5.063797906727989238e-22
5.054450679984284925e-22
5.045127175692765257e-22
5.035827325165005232e-22
5.026551059845512272e-22
5.017298311312809558e-22
5.008069011280450718e-22
4.998863091598046739e-22
4.989680484252223289e-22
4.980521121367600610e-22
4.971384935207708520e-22
4.962271858175898600e-22
4.953181822816236628e-22
4.944114761814364921e-22
4.935070607998325183e-22
4.926049294339384169e-22
4.917050753952836786e-22
4.908074920098764990e-22
4.899121726182792925e-22
4.890191105756820431e-22
4.881282992519727399e-22
4.872397320318060262e-22
4.863534023146708136e-22
4.854693035149550758e-22
4.845874290620075378e-22
4.837077724002001189e-22
4.828303269889871770e-22
4.819550863029617449e-22
4.810820438319108248e-22
4.802111930808707781e-22
4.793425275701781067e-22
4.784760408355194819e-22
4.776117264279804571e-22
4.767495779140926752e-22
4.758895888758784440e-22
4.750317529108953103e-22
4.741760636322769677e-22
4.733225146687735051e-22
4.724710996647915615e-22
4.716218122804310020e-22
4.707746461915199940e-22
4.699295950896502723e-22
4.690866526822105229e-22
4.682458126924172284e-22
4.674070688593439138e-22
4.665704149379523680e-22
4.657358446991179402e-22
4.649033519296564354e-22
4.640729304323487527e-22
4.632445740259645832e-22
4.624182765452850734e-22
4.615940318411230442e-22
4.607718337803433029e-22
4.599516762458805109e-22
4.591335531367586502e-22
4.583174583681051286e-22
4.575033858711675197e-22
4.566913295933254110e-22
4.558812834981063910e-22
4.550732415651962058e-22
4.542671977904494788e-22
4.534631461858995859e-22
4.526610807797687165e-22
4.518609956164735172e-22
4.510628847566336481e-22
4.502667422770769562e-22
4.494725622708434240e-22
4.486803388471915649e-22
4.478900661315986109e-22
4.471017382657646507e-22
4.463153494076118769e-22
4.455308937312884421e-22
4.447483654271633803e-22
4.439677587018283001e-22
4.431890677780954094e-22
4.424122868949927199e-22
4.416374103077614135e-22
4.408644322878511405e-22
4.400933471229148475e-22
4.393241491168021006e-22
4.385568325895534430e-22
4.377913918773908967e-22
4.370278213327124149e-22
4.362661153240807844e-22
4.355062682362151629e-22
4.347482744699797935e-22
4.339921284423738492e-22
4.332378245865201475e-22
4.324853573516516090e-22
4.317347212030997846e-22
4.309859106222808434e-22
4.302389201066807147e-22
4.294937441698420164e-22
4.287503773413479742e-22
4.280088141668058707e-22
4.272690492078325632e-22
4.265310770420352999e-22
4.257948922629964850e-22
4.250604894802545893e-22
4.243278633192849657e-22
4.235970084214829220e-22
4.228679194441424685e-22
4.221405910604370862e-22
4.214150179593991799e-22
4.206911948458992478e-22
4.199691164406245818e-22
4.192487774800578736e-22
4.185301727164536579e-22
4.178132969178171058e-22
4.170981448678807040e-22
4.163847113660805089e-22
4.156729912275314148e-22
4.149629792830047252e-22
4.142546703789024800e-22
4.135480593772318770e-22
4.128431411555819496e-22
4.121399106070940391e-22
4.114383626404403527e-22
4.107384921797942481e-22
4.100402941648041836e-22
4.093437635505671997e-22
4.086488953076014120e-22
4.079556844218170472e-22
4.072641258944901120e-22
4.065742147422328649e-22
4.058859459969666855e-22
4.051993147058895838e-22
4.045143159314518444e-22
4.038309447513225479e-22
4.031491962583621117e-22
4.024690655605911156e-22
4.017905477811614320e-22
4.011136380583227474e-22
4.004383315453950095e-22
3.997646234107367820e-22
3.990925088377113439e-22
3.984219830246597002e-22
3.977530411848647056e-22
3.970856785465212068e-22
3.964198903527048219e-22
3.957556718613374272e-22
3.950930183451557015e-22
3.944319250916786354e-22
3.937723874031750402e-22
3.931144005966296471e-22
3.924579600037098641e-22
3.918030609707325329e-22
3.911496988586313443e-22
3.904978690429210560e-22
3.898475669136659428e-22
3.891987878754442019e-22
3.885515273473137701e-22
3.879057807627791747e-22
3.872615435697548109e-22
3.866188112305338621e-22
3.859775792217495551e-22
3.853378430343433280e-22
3.846995981735282491e-22
3.840628401587548328e-22
3.834275645236752582e-22
3.827937668161074458e-22
3.821614425980014382e-22
3.815305874454019255e-22
3.809011969484135918e-22
3.802732667111655209e-22
3.796467923517748974e-22
3.790217695023111776e-22
3.783981938087603541e-22
3.777760609309879047e-22
3.771553665427047026e-22
3.765361063314290250e-22
3.759182759984502062e-22
3.753018712587933262e-22
3.746868878411822528e-22
3.740733214880024024e-22
3.734611679552664149e-22
3.728504230125746108e-22
3.722410824430802432e-22
3.716331420434526813e-22
3.710265976238400766e-22
3.704214450078324059e-22
3.698176800324252653e-22
3.692152985479831014e-22
3.686142964182015481e-22
3.680146695200699989e-22
3.674164137438377059e-22
3.668195249929724959e-22
3.662239991841263056e-22
3.656298322470978943e-22
3.650370201247956986e-22
3.644455587732000285e-22
3.638554441613264389e-22
3.632666722711891483e-22
3.626792390977629056e-22
3.620931406489463148e-22
3.615083729455252538e-22
3.609249320211349761e-22
3.603428139222223541e-22
3.597620147080104261e-22
3.591825304504600756e-22
3.586043572342330259e-22
3.580274911566551657e-22
3.574519283276782740e-22
3.568776648698450383e-22
3.563046969182491810e-22
3.557330206205001954e-22
3.551626321366861993e-22
3.545935276393364136e-22
3.540257033133838759e-22
3.534591553561286704e-22
3.528938799772013470e-22
3.523298733985249760e-22
3.517671318542796957e-22
3.512056515908637325e-22
3.506454288668578069e-22
3.500864599529888819e-22
3.495287411320917940e-22
3.489722686990731429e-22
3.484170389608740980e-22
3.478630482364354163e-22
3.473102928566579925e-22
3.467587691643678766e-22
3.462084735142791747e-22
3.456594022729583148e-22
3.451115518187861482e-22
3.445649185419221675e-22
3.440194988442680669e-22
3.434752891394311599e-22
3.429322858526877517e-22
3.423904854209476387e-22
3.418498842927171513e-22
3.413104789280625725e-22
3.407722657985755781e-22
3.402352413873350098e-22
3.396994021888720807e-22
3.391647447091343580e-22
3.386312654654493225e-22
3.380989609864886809e-22
3.375678278122328188e-22
3.370378624939343603e-22
3.365090615940837495e-22
3.359814216863707882e-22
3.354549393556527099e-22
3.349296111979158112e-22
3.344054338202415508e-22
3.338824038407702503e-22
3.333605178886658290e-22
3.328397726040813859e-22
3.323201646381223357e-22
3.318016906528137777e-22
3.312843473210614217e-22
3.307681313266219660e-22
3.302530393640630833e-22
3.297390681387313536e-22
3.292262143667165756e-22
3.287144747748175839e-22
3.282038461005059965e-22
3.276943250918948053e-22
3.271859085076999146e-22
3.266785931172083081e-22
3.261723757002434428e-22
3.256672530471299367e-22
3.251632219586592918e-22
3.246602792460579673e-22
3.241584217309497642e-22
3.236576462453253090e-22
3.231579496315049085e-22
3.226593287421076106e-22
3.221617804400158454e-22
3.216653015983411947e-22
3.211698891003920897e-22
3.206755398396405680e-22
3.201822507196861150e-22
3.196900186542264651e-22
3.191988405670200325e-22
3.187087133918556309e-22
3.182196340725182426e-22
3.177315995627560580e-22
3.172446068262475148e-22
3.167586528365682898e-22
3.162737345771591845e-22
3.157898490412916597e-22
3.153069932320377899e-22
3.148251641622353744e-22
3.143443588544563404e-22
3.138645743409749101e-22
3.133858076637344523e-22
3.129080558743152733e-22
3.124313160339034432e-22
3.119555852132571298e-22
3.114808604926765995e-22
3.110071389619704576e-22
3.105344177204249911e-22
3.100626938767721485e-22
3.095919645491578011e-22
3.091222268651107574e-22
3.086534779615098487e-22
3.081857149845545895e-22
3.077189350897322159e-22
3.072531354417874994e-22
3.067883132146911492e-22
3.063244655916089209e-22
3.058615897648703944e-22
3.053996829359389292e-22
3.049387423153803486e-22
3.044787651228316718e-22
3.040197485869718676e-22
3.035616899454902570e-22
3.031045864450562798e-22
3.026484353412905298e-22
3.021932338987318888e-22
3.017389793908097840e-22
3.012856690998129678e-22
3.008333003168598006e-22
3.003818703418685818e-22
2.999313764835271746e-22
2.994818160592642773e-22
2.990331863952185309e-22
2.985854848262098377e-22
2.981387086957100672e-22
2.976928553558131520e-22
2.972479221672064526e-22
2.968039064991404297e-22
2.963608057294015140e-22
2.959186172442805553e-22
2.954773384385460690e-22
2.950369667154149892e-22
2.945974994865229058e-22
2.941589341718960869e-22
2.937212681999237850e-22
2.932844990073282849e-22
2.928486240391370211e-22
2.924136407486550243e-22
2.919795465974359100e-22
2.915463390552538079e-22
2.911140156000757141e-22
2.906825737180336556e-22
2.902520109033963842e-22
2.898223246585415879e-22
2.893935124939283844e-22
2.889655719280704255e-22
2.885385004875073565e-22
2.881122957067779677e-22
2.876869551283927348e-22
2.872624763028063595e-22
2.868388567883912032e-22
2.864160941514100156e-22
2.859941859659882870e-22
2.855731298140884345e-22
2.851529232854823426e-22
2.847335639777250317e-22
2.843150494961274343e-22
2.838973774537306274e-22
2.834805454712788439e-22
2.830645511771935169e-22
2.826493922075465734e-22
2.822350662060342903e-22
2.818215708239519047e-22
2.814089037201669057e-22
2.809970625610930334e-22
2.805860450206649346e-22
2.801758487803119728e-22
2.797664715289329321e-22
2.793579109628701086e-22
2.789501647858836384e-22
2.785432307091275635e-22
2.781371064511220442e-22
2.777317897377299895e-22
2.773272783021314318e-22
2.769235698847982298e-22
2.765206622334691954e-22
2.761185531031252203e-22
2.757172402559643552e-22
2.753167214613771716e-22
2.749169944959224055e-22
2.745180571433021782e-22
2.741199071943366524e-22
2.737225424469409924e-22
2.733259607061005851e-22
2.729301597838463543e-22
2.725351374992310628e-22
2.721408916783055675e-22
2.717474201540932874e-22
2.713547207665689982e-22
2.709627913626318422e-22
2.705716297960841703e-22
2.701812339276069967e-22
2.697916016247352675e-22
2.694027307618369360e-22
2.690146192200870554e-22
2.686272648874454912e-22
2.682406656586337875e-22
2.678548194351122684e-22
2.674697241250559168e-22
2.670853776433320400e-22
2.667017779114777944e-22
2.663189228576765344e-22
2.659368104167350548e-22
2.655554385300618207e-22
2.651748051456433167e-22
2.647949082180219474e-22
2.644157457082740792e-22
2.640373155839862483e-22
2.636596158192349895e-22
2.632826443945624323e-22
2.629063992969558011e-22
2.625308785198245628e-22
2.621560800629785160e-22
2.617820019326067263e-22
2.614086421412540630e-22
2.610359987078005577e-22
2.606640696574402924e-22
2.602928530216580776e-22
2.599223468382102212e-22
2.595525491511004546e-22
2.591834580105610304e-22
2.588150714730299182e-22
2.584473876011301155e-22
2.580804044636482540e-22
2.577141201355142869e-22
2.573485326977793898e-22
2.569836402375960241e-22
2.566194408481966840e-22
2.562559326288729259e-22
2.558931136849552911e-22
2.555309821277921935e-22
2.551695360747292310e-22
2.548087736490898136e-22
2.544486929801534872e-22
2.540892922031362320e-22
2.537305694591700095e-22
2.533725228952835307e-22
2.530151506643802045e-22
2.526584509252203167e-22
2.523024218423995421e-22
2.519470615863295256e-22
2.515923683332186978e-22
2.512383402650513984e-22
2.508849755695693032e-22
2.505322724402511118e-22
2.501802290762934576e-22
2.498288436825911119e-22
2.494781144697178948e-22
2.491280396539073963e-22
2.487786174570333694e-22
2.484298461065910634e-22
2.480817238356778513e-22
2.477342488829740460e-22
2.473874194927249389e-22
2.470412339147197349e-22
2.466956904042756595e-22
2.463507872222168002e-22
2.460065226348562389e-22
2.456628949139785605e-22
2.453199023368189290e-22
2.449775431860468191e-22
2.446358157497469726e-22
2.442947183214003087e-22
2.439542491998661035e-22
2.436144066893648278e-22
2.432751890994582104e-22
2.429365947450322645e-22
2.425986219462793728e-22
2.422612690286796676e-22
2.419245343229838219e-22
2.415884161651950405e-22
