2.391887536301033731e-16
2.391879087714199198e-16
2.391867280918823816e-16
2.391853399102665774e-16
2.391838316266688291e-16
2.391822623260127932e-16
2.391806716946809424e-16
2.391790860897434891e-16
2.391775227151917154e-16
2.391759925422645592e-16
2.391745023348716192e-16
2.391730560250560577e-16
2.391716556327243258e-16
2.391703018794290044e-16
2.391689946021576576e-16
2.391677330370248643e-16
2.391665160172370105e-16
2.391653421132797749e-16
2.391642097331895481e-16
2.391631171946247017e-16
2.391620627766620968e-16
2.391610447568286801e-16
2.391600614372903344e-16
2.391591111630352218e-16
2.391581923341355902e-16
2.391573034136189296e-16
2.391564429321099743e-16
2.391556094900885708e-16
2.391548017584189052e-16
2.391540184776257227e-16
2.391532584562951100e-16
2.391525205688609510e-16
2.391518037529930582e-16
2.391511070067426789e-16
2.391504293855488674e-16
2.391497699992040323e-16
2.391491280088325503e-16
2.391485026239262265e-16
2.391478930994751093e-16
2.391472987332058851e-16
2.391467188629434345e-16
2.391461528641091080e-16
2.391456001473513820e-16
2.391450601563112628e-16
2.391445323655233737e-16
2.391440162784489309e-16
2.391435114256259627e-16
2.391430173629478184e-16
2.391425336700512292e-16
2.391420599488109644e-16
2.391415958219373850e-16
2.391411409316692514e-16
2.391406949385538983e-16
2.391402575203122115e-16
2.391398283707788428e-16
2.391394071989185989e-16
2.391389937279069746e-16
2.391385876942732530e-16
2.391381888471048898e-16
2.391377969473019409e-16
2.391374117668847880e-16
2.391370330883466809e-16
2.391366607040510477e-16
2.391362944156665225e-16
2.391359340336406766e-16
2.391355793767097415e-16
2.391352302714389001e-16
2.391348865517900894e-16
2.391345480587221966e-16
2.391342146398131936e-16
2.391338861489081091e-16
2.391335624457875085e-16
2.391332433958598394e-16
2.391329288698673828e-16
2.391326187436166603e-16
2.391323128977190957e-16
2.391320112173524347e-16
2.391317135920348830e-16
2.391314199154092059e-16
2.391311300850447732e-16
2.391308440022479858e-16
2.391305615718843387e-16
2.391302827022113299e-16
2.391300073047198014e-16
2.391297352939851396e-16
2.391294665875258726e-16
2.391292011056708947e-16
2.391289387714340374e-16
2.391286795103942617e-16
2.391284232505839350e-16
2.391281699223815465e-16
2.391279194584113738e-16
2.391276717934473404e-16
2.391274268643229869e-16
2.391271846098448940e-16
2.391269449707114784e-16
2.391267078894353397e-16
2.391264733102692064e-16
2.391262411791371069e-16
2.391260114435669230e-16
2.391257840526274771e-16
2.391255589568682347e-16
2.391253361082620125e-16
2.391251154601507450e-16
2.391248969671930739e-16
2.391246805853151430e-16
2.391244662716621825e-16
2.391242539845556138e-16
2.391240436834475920e-16
2.391238353288816612e-16
2.391236288824523747e-16
2.391234243067684652e-16
2.391232215654168528e-16
2.391230206229280834e-16
2.391228214447432945e-16
2.391226239971833024e-16
2.391224282474190197e-16
2.391222341634408374e-16
2.391220417140335788e-16
2.391218508687472128e-16
2.391216615978740268e-16
2.391214738724225935e-16
2.391212876640956835e-16
2.391211029452666482e-16
2.391209196889586142e-16
2.391207378688238736e-16
2.391205574591244096e-16
2.391203784347114845e-16
2.391202007710085805e-16
2.391200244439937984e-16
2.391198494301814178e-16
2.391196757066075992e-16
2.391195032508134232e-16
2.391193320408304449e-16
2.391191620551652121e-16
2.391189932727865946e-16
2.391188256731104502e-16
2.391186592359892221e-16
2.391184939416963095e-16
2.391183297709170940e-16
2.391181667047343459e-16
2.391180047246192511e-16
2.391178438124192819e-16
2.391176839503482873e-16
2.391175251209759419e-16
2.391173673072181809e-16
2.391172104923281775e-16
2.391170546598860386e-16
2.391168997937918032e-16
2.391167458782549905e-16
2.391165928977878945e-16
2.391164408371961665e-16
2.391162896815727021e-16
2.391161394162892591e-16
2.391159900269888648e-16
2.391158414995796039e-16
2.391156938202281100e-16
2.391155469753517269e-16
2.391154009516133804e-16
2.391152557359148241e-16
2.391151113153909198e-16
2.391149676774038201e-16
2.391148248095376925e-16
2.391146826995921128e-16
2.391145413355783181e-16
2.391144007057133397e-16
2.391142607984153188e-16
2.391141216022984781e-16
2.391139831061683391e-16
2.391138452990175804e-16
2.391137081700219950e-16
2.391135717085347217e-16
2.391134359040838293e-16
2.391133007463678296e-16
2.391131662252508461e-16
2.391130323307602471e-16
2.391128990530815677e-16
2.391127663825563893e-16
2.391126343096775575e-16
2.391125028250861744e-16
2.391123719195691829e-16
2.391122415840550276e-16
2.391121118096111900e-16
2.391119825874405399e-16
2.391118539088796587e-16
2.391117257653939591e-16
2.391115981485773884e-16
2.391114710501476961e-16
2.391113444619445599e-16
2.391112183759272190e-16
2.391110927841714672e-16
2.391109676788680252e-16
2.391108430523189417e-16
2.391107188969364596e-16
2.391105952052401067e-16
2.391104719698550690e-16
2.391103491835091827e-16
2.391102268390314066e-16
2.391101049293504901e-16
2.391099834474911277e-16
2.391098623865737623e-16
2.391097417398122671e-16
2.391096215005115796e-16
2.391095016620666661e-16
2.391093822179599578e-16
2.391092631617606113e-16
2.391091444871216489e-16
2.391090261877796631e-16
2.391089082575523015e-16
2.391087906903373306e-16
2.391086734801104169e-16
2.391085566209241902e-16
2.391084401069069121e-16
2.391083239322606524e-16
2.391082080912600556e-16
2.391080925782515037e-16
2.391079773876511433e-16
2.391078625139436534e-16
2.391077479516814072e-16
2.391076336954831405e-16
2.391075197400326213e-16
2.391074060800777614e-16
2.391072927104288916e-16
2.391071796259583666e-16
2.391070668215990863e-16
2.391069542923431645e-16
2.391068420332421261e-16
2.391067300394042444e-16
2.391066183059946405e-16
2.391065068282339018e-16
2.391063956013973925e-16
2.391062846208139220e-16
2.391061738818654987e-16
2.391060633799857025e-16
2.391059531106594881e-16
2.391058430694216068e-16
2.391057332518564592e-16
2.391056236535971084e-16
2.391055142703241959e-16
2.391054050977655961e-16
2.391052961316951346e-16
2.391051873679325882e-16
2.391050788023418606e-16
2.391049704308313274e-16
2.391048622493531462e-16
2.391047542539010868e-16
2.391046464405120600e-16
2.391045388052636028e-16
2.391044313442745195e-16
2.391043240537029097e-16
2.391042169297472527e-16
2.391041099686444353e-16
2.391040031666697030e-16
2.391038965201360184e-16
2.391037900253935194e-16
2.391036836788287793e-16
2.391035774768647576e-16
2.391034714159594196e-16
2.391033654926063278e-16
2.391032597033330644e-16
2.391031540447012314e-16
2.391030485133061542e-16
2.391029431057761428e-16
2.391028378187715053e-16
2.391027326489854846e-16
2.391026275931420400e-16
2.391025226479970304e-16
2.391024178103365871e-16
2.391023130769773605e-16
2.391022084447655340e-16
2.391021039105773665e-16
2.391019994713176141e-16
2.391018951239199745e-16
2.391017908653461994e-16
2.391016866925861926e-16
2.391015826026571233e-16
2.391014785926033760e-16
2.391013746594966991e-16
2.391012708004339367e-16
2.391011670125392961e-16
2.391010632929620807e-16
2.391009596388771331e-16
2.391008560474843914e-16
2.391007525160086430e-16
2.391006490416988340e-16
2.391005456218282176e-16
2.391004422536938603e-16
2.391003389346162975e-16
2.391002356619393852e-16
2.391001324330295113e-16
2.391000292452765324e-16
2.390999260960916040e-16
2.390998229829086603e-16
2.390997199031836742e-16
2.390996168543933262e-16
2.390995138340363355e-16
2.390994108396318824e-16
2.390993078687206933e-16
2.390992049188632156e-16
2.390991019876408019e-16
2.390989990726542795e-16
2.390988961715250358e-16
2.390987932818933411e-16
2.390986904014192862e-16
2.390985875277817957e-16
2.390984846586789735e-16
2.390983817918276096e-16
2.390982789249627858e-16
2.390981760558380727e-16
2.390980731822249876e-16
2.390979703019131915e-16
2.390978674127094539e-16
2.390977645124386880e-16
2.390976615989428170e-16
2.390975586700808723e-16
2.390974557237287473e-16
2.390973527577791974e-16
2.390972497701415933e-16
2.390971467587413786e-16
2.390970437215208097e-16
2.390969406564374271e-16
2.390968375614653374e-16
2.390967344345939314e-16
2.390966312738282291e-16
2.390965280771888307e-16
2.390964248427112751e-16
2.390963215684464845e-16
2.390962182524600238e-16
2.390961148928325946e-16
2.390960114876590485e-16
2.390959080350490774e-16
2.390958045331266223e-16
2.390957009800297249e-16
2.390955973739106757e-16
2.390954937129356197e-16
2.390953899952842110e-16
2.390952862191503033e-16
2.390951823827408650e-16
2.390950784842762752e-16
2.390949745219905702e-16
2.390948704941304574e-16
2.390947663989558081e-16
2.390946622347395101e-16
2.390945579997673193e-16
2.390944536923373668e-16
2.390943493107606522e-16
2.390942448533604024e-16
2.390941403184720714e-16
2.390940357044437354e-16
2.390939310096353031e-16
2.390938262324185656e-16
2.390937213711774428e-16
2.390936164243076874e-16
2.390935113902163920e-16
2.390934062673227287e-16
2.390933010540568643e-16
2.390931957488608971e-16
2.390930903501875750e-16
2.390929848565015282e-16
2.390928792662777407e-16
2.390927735780029800e-16
2.390926677901742196e-16
2.390925619013001179e-16
2.390924559098991941e-16
2.390923498145011595e-16
2.390922436136460791e-16
2.390921373058846180e-16
2.390920308897776969e-16
2.390919243638967379e-16
2.390918177268231227e-16
2.390917109771488823e-16
2.390916041134755143e-16
2.390914971344149194e-16
2.390913900385887603e-16
2.390912828246286099e-16
2.390911754911758525e-16
2.390910680368812894e-16
2.390909604604057306e-16
2.390908527604193539e-16
2.390907449356017540e-16
2.390906369846418935e-16
2.390905289062383982e-16
2.390904206990987196e-16
2.390903123619398248e-16
2.390902038934874569e-16
2.390900952924770226e-16
2.390899865576524580e-16
2.390898776877665741e-16
2.390897686815815495e-16
2.390896595378678952e-16
2.390895502554048983e-16
2.390894408329810162e-16
2.390893312693927432e-16
2.390892215634453493e-16
2.390891117139528807e-16
2.390890017197376176e-16
2.390888915796299748e-16
2.390887812924690451e-16
2.390886708571022041e-16
2.390885602723849131e-16
2.390884495371809166e-16
2.390883386503620450e-16
2.390882276108081157e-16
2.390881164174069336e-16
2.390880050690543890e-16
2.390878935646542613e-16
2.390877819031181689e-16
2.390876700833654216e-16
2.390875581043233658e-16
2.390874459649266942e-16
2.390873336641180373e-16
2.390872212008473720e-16
2.390871085740729581e-16
2.390869957827593172e-16
2.390868828258796480e-16
2.390867697024140028e-16
2.390866564113496815e-16
2.390865429516817737e-16
2.390864293224122225e-16
2.390863155225504652e-16
2.390862015511133839e-16
2.390860874071243195e-16
2.390859730896144028e-16
2.390858585976214701e-16
2.390857439301906052e-16
2.390856290863737452e-16
2.390855140652299271e-16
2.390853988658249422e-16
2.390852834872314353e-16
2.390851679285292002e-16
2.390850521888043414e-16
2.390849362671503099e-16
2.390848201626668181e-16
2.390847038744602840e-16
2.390845874016441263e-16
2.390844707433379271e-16
2.390843538986682202e-16
2.390842368667678501e-16
2.390841196467762682e-16
2.390840022378393847e-16
2.390838846391095193e-16
2.390837668497451545e-16
2.390836488689119221e-16
2.390835306957807785e-16
2.390834123295295828e-16
2.390832937693422584e-16
2.390831750144090395e-16
2.390830560639263727e-16
2.390829369170968182e-16
2.390828175731290500e-16
2.390826980312380035e-16
2.390825782906443335e-16
2.390824583505752521e-16
2.390823382102634934e-16
2.390822178689480532e-16
2.390820973258737451e-16
2.390819765802912992e-16
2.390818556314576084e-16
2.390817344786350879e-16
2.390816131210922170e-16
2.390814915581029479e-16
2.390813697889473464e-16
2.390812478129112962e-16
2.390811256292860551e-16
2.390810032373685507e-16
2.390808806364619231e-16
2.390807578258743906e-16
2.390806348049199399e-16
2.390805115729182773e-16
2.390803881291945814e-16
2.390802644730794545e-16
2.390801406039094153e-16
2.390800165210256169e-16
2.390798922237755729e-16
2.390797677115117764e-16
2.390796429835921437e-16
2.390795180393800643e-16
2.390793928782442522e-16
2.390792674995586969e-16
2.390791419027028607e-16
2.390790160870611857e-16
2.390788900520236357e-16
2.390787637969853517e-16
2.390786373213466023e-16
2.390785106245128820e-16
2.390783837058949119e-16
2.390782565649085896e-16
2.390781292009745956e-16
2.390780016135191813e-16
2.390778738019733316e-16
2.390777457657732081e-16
2.390776175043601001e-16
2.390774890171800299e-16
2.390773603036841971e-16
2.390772313633288791e-16
2.390771021955749881e-16
2.390769727998885147e-16
2.390768431757406754e-16
2.390767133226068779e-16
2.390765832399678543e-16
2.390764529273092181e-16
2.390763223841211187e-16
2.390761916098986849e-16
2.390760606041417791e-16
2.390759293663549473e-16
2.390757978960477645e-16
2.390756661927341937e-16
2.390755342559330792e-16
2.390754020851676038e-16
2.390752696799662752e-16
2.390751370398614469e-16
2.390750041643908956e-16
2.390748710530963917e-16
2.390747377055243402e-16
2.390746041212262245e-16
2.390744702997573241e-16
2.390743362406783914e-16
2.390742019435535809e-16
2.390740674079524702e-16
2.390739326334484829e-16
2.390737976196198742e-16
2.390736623660491393e-16
2.390735268723234084e-16
2.390733911380340514e-16
2.390732551627765798e-16
2.390731189461515343e-16
2.390729824877631532e-16
2.390728457872204573e-16
2.390727088441362638e-16
2.390725716581283203e-16
2.390724342288182200e-16
2.390722965558320430e-16
2.390721586388000107e-16
2.390720204773565353e-16
2.390718820711403185e-16
2.390717434197942036e-16
2.390716045229656191e-16
2.390714653803053460e-16
2.390713259914689973e-16
2.390711863561159331e-16
2.390710464739100491e-16
2.390709063445189393e-16
2.390707659676145360e-16
2.390706253428727654e-16
2.390704844699735471e-16
2.390703433486007450e-16
2.390702019784426607e-16
2.390700603591912931e-16
2.390699184905425857e-16
2.390697763721965248e-16
2.390696340038572384e-16
2.390694913852326505e-16
2.390693485160345806e-16
2.390692053959788414e-16
2.390690620247852394e-16
2.390689184021772788e-16
2.390687745278825070e-16
2.390686304016320700e-16
2.390684860231614039e-16
2.390683413922094941e-16
2.390681965085190242e-16
2.390680513718368190e-16
2.390679059819132535e-16
2.390677603385025481e-16
2.390676144413627197e-16
2.390674682902554338e-16
2.390673218849462507e-16
2.390671752252042808e-16
2.390670283108024307e-16
2.390668811415173541e-16
2.390667337171292547e-16
2.390665860374222804e-16
2.390664381021838332e-16
2.390662899112051114e-16
2.390661414642811100e-16
2.390659927612102748e-16
2.390658438017947004e-16
2.390656945858400805e-16
2.390655451131555602e-16
2.390653953835541792e-16
2.390652453968520345e-16
2.390650951528691671e-16
2.390649446514288722e-16
2.390647938923582414e-16
2.390646428754876696e-16
2.390644916006509536e-16
2.390643400676856373e-16
2.390641882764323216e-16
2.390640362267356503e-16
2.390638839184431265e-16
2.390637313514059021e-16
2.390635785254785803e-16
2.390634254405190673e-16
2.390632720963887210e-16
2.390631184929523502e-16
2.390629646300779688e-16
2.390628105076368937e-16
2.390626561255040905e-16
2.390625014835574829e-16
2.390623465816786433e-16
2.390621914197521021e-16
2.390620359976659397e-16
2.390618803153113426e-16
2.390617243725828499e-16
2.390615681693783534e-16
2.390614117055988019e-16
2.390612549811484473e-16
2.390610979959347463e-16
2.390609407498685084e-16
2.390607832428634519e-16
2.390606254748367464e-16
2.390604674457086184e-16
2.390603091554023512e-16
2.390601506038445806e-16
2.390599917909649995e-16
2.390598327166963574e-16
2.390596733809745101e-16
2.390595137837387646e-16
2.390593539249309425e-16
2.390591938044965137e-16
2.390590334223834627e-16
2.390588727785433238e-16
2.390587118729305404e-16
2.390585507055022181e-16
2.390583892762191604e-16
2.390582275850445867e-16
2.390580656319451182e-16
2.390579034168901867e-16
2.390577409398521326e-16
2.390575782008065014e-16
2.390574151997316486e-16
2.390572519366087895e-16
2.390570884114223934e-16
2.390569246241594933e-16
2.390567605748103272e-16
2.390565962633677952e-16
2.390564316898280517e-16
2.390562668541896176e-16
2.390561017564544157e-16
2.390559363966268834e-16
2.390557707747144655e-16
2.390556048907274665e-16
2.390554387446790506e-16
2.390552723365848470e-16
2.390551056664638871e-16
2.390549387343376672e-16
2.390547715402303956e-16
2.390546040841692879e-16
2.390544363661841730e-16
2.390542683863078378e-16
2.390541001445755347e-16
2.390539316410255233e-16
2.390537628756986766e-16
2.390535938486385297e-16
2.390534245598914776e-16
2.390532550095065775e-16
2.390530851975355492e-16
2.390529151240327747e-16
2.390527447890553478e-16
2.390525741926629263e-16
2.390524033349178792e-16
2.390522322158854850e-16
2.390520608356332405e-16
2.390518891942315023e-16
2.390517172917532399e-16
2.390515451282738390e-16
2.390513727038714953e-16
2.390512000186269191e-16
2.390510270726233847e-16
2.390508538659467299e-16
2.390506803986854550e-16
2.390505066709303778e-16
2.390503326827749781e-16
2.390501584343153491e-16
2.390499839256501478e-16
2.390498091568802990e-16
2.390496341281092914e-16
2.390494588394432268e-16
2.390492832909906228e-16
2.390491074828624625e-16
2.390489314151722923e-16
2.390487550880359270e-16
2.390485785015717943e-16
2.390484016559005406e-16
2.390482245511455241e-16
2.390480471874323215e-16
2.390478695648890734e-16
2.390476916836461884e-16
2.390475135438362937e-16
2.390473351455947777e-16
2.390471564890592471e-16
2.390469775743695277e-16
2.390467984016680580e-16
2.390466189710993970e-16
2.390464392828104698e-16
2.390462593369506671e-16
2.390460791336714994e-16
2.390458986731270412e-16
2.390457179554733389e-16
2.390455369808690030e-16
2.390453557494749117e-16
2.390451742614538663e-16
2.390449925169714781e-16
2.390448105161952816e-16
2.390446282592948326e-16
2.390444457464425956e-16
2.390442629778126133e-16
2.390440799535813932e-16
2.390438966739278588e-16
2.390437131390327579e-16
2.390435293490793527e-16
2.390433453042527790e-16
2.390431610047406872e-16
2.390429764507325517e-16
2.390427916424202629e-16
2.390426065799978314e-16
2.390424212636613384e-16
2.390422356936090344e-16
2.390420498700412409e-16
2.390418637931602513e-16
2.390416774631709724e-16
2.390414908802798883e-16
2.390413040446958994e-16
2.390411169566298781e-16
2.390409296162944716e-16
2.390407420239048911e-16
2.390405541796782212e-16
2.390403660838334694e-16
2.390401777365917634e-16
2.390399891381764493e-16
2.390398002888125497e-16
2.390396111887273059e-16
2.390394218381499313e-16
2.390392322373116607e-16
2.390390423864457504e-16
2.390388522857872811e-16
2.390386619355735025e-16
2.390384713360434888e-16
2.390382804874385330e-16
2.390380893900014069e-16
2.390378980439771997e-16
2.390377064496128250e-16
2.390375146071571189e-16
2.390373225168608901e-16
2.390371301789766232e-16
2.390369375937591698e-16
2.390367447614647615e-16
2.390365516823518984e-16
2.390363583566807072e-16
2.390361647847132378e-16
2.390359709667135612e-16
2.390357769029475237e-16
2.390355825936825984e-16
2.390353880391884278e-16
2.390351932397362321e-16
2.390349981955992530e-16
2.390348029070523593e-16
2.390346073743723425e-16
2.390344115978378185e-16
2.390342155777289807e-16
2.390340193143281428e-16
2.390338228079191961e-16
2.390336260587877575e-16
2.390334290672212683e-16
2.390332318335088952e-16
2.390330343579415800e-16
2.390328366408121380e-16
2.390326386824146172e-16
2.390324404830454320e-16
2.390322420430023774e-16
2.390320433625849247e-16
2.390318444420942709e-16
2.390316452818333878e-16
2.390314458821069731e-16
2.390312462432211539e-16
2.390310463654840299e-16
2.390308462492050318e-16
2.390306458946956608e-16
2.390304453022685526e-16
2.390302444722383639e-16
2.390300434049213295e-16
2.390298421006352616e-16
2.390296405596994023e-16
2.390294387824349661e-16
2.390292367691644491e-16
2.390290345202121716e-16
2.390288320359038348e-16
2.390286293165667665e-16
2.390284263625300697e-16
2.390282231741242277e-16
2.390280197516812031e-16
2.390278160955346841e-16
2.390276122060197886e-16
2.390274080834733110e-16
2.390272037282333273e-16
2.390269991406395903e-16
2.390267943210334794e-16
2.390265892697576068e-16
2.390263839871563595e-16
2.390261784735754066e-16
2.390259727293619948e-16
2.390257667548647019e-16
2.390255605504338809e-16
2.390253541164211171e-16
2.390251474531794259e-16
2.390249405610634495e-16
2.390247334404291614e-16
2.390245260916338662e-16
2.390243185150363971e-16
2.390241107109972143e-16
2.390239026798778131e-16
2.390236944220412670e-16
2.390234859378521774e-16
2.390232772276763293e-16
2.390230682918809376e-16
2.390228591308346960e-16
2.390226497449075804e-16
2.390224401344709962e-16
2.390222302998974831e-16
2.390220202415614049e-16
2.390218099598378649e-16
2.390215994551038894e-16
2.390213887277373919e-16
2.390211777781178147e-16
2.390209666066258323e-16
2.390207552136435001e-16
2.390205435995542044e-16
2.390203317647425148e-16
2.390201197095943323e-16
2.390199074344968890e-16
2.390196949398386003e-16
2.390194822260091634e-16
2.390192692933997548e-16
2.390190561424022904e-16
2.390188427734105597e-16
2.390186291868192890e-16
2.390184153830243879e-16
2.390182013624229492e-16
2.390179871254135941e-16
2.390177726723958315e-16
2.390175580037704027e-16
2.390173431199396761e-16
2.390171280213065623e-16
2.390169127082757962e-16
2.390166971812526553e-16
2.390164814406441917e-16
2.390162654868581972e-16
2.390160493203038934e-16
2.390158329413915372e-16
2.390156163505324704e-16
2.390153995481393658e-16
2.390151825346258823e-16
2.390149653104068128e-16
2.390147478758980843e-16
2.390145302315168563e-16
2.390143123776812743e-16
2.390140943148106180e-16
2.390138760433253009e-16
2.390136575636467718e-16
2.390134388761975152e-16
2.390132199814012973e-16
2.390130008796827224e-16
2.390127815714676275e-16
2.390125620571829343e-16
2.390123423372562547e-16
2.390121224121167784e-16
2.390119022821944344e-16
2.390116819479200888e-16
2.390114614097259881e-16
2.390112406680450197e-16
2.390110197233114022e-16
2.390107985759600938e-16
2.390105772264272359e-16
2.390103556751500055e-16
2.390101339225663189e-16
2.390099119691154237e-16
2.390096898152371592e-16
2.390094674613726466e-16
2.390092449079638945e-16
2.390090221554537989e-16
2.390087992042862914e-16
2.390085760549061908e-16
2.390083527077592037e-16
2.390081291632922690e-16
2.390079054219528680e-16
2.390076814841896654e-16
2.390074573504521148e-16
2.390072330211905570e-16
2.390070084968564177e-16
2.390067837779019607e-16
2.390065588647802388e-16
2.390063337579451921e-16
2.390061084578517467e-16
2.390058829649556178e-16
2.390056572797135558e-16
2.390054314025829522e-16
2.390052053340221845e-16
2.390049790744905668e-16
2.390047526244480051e-16
2.390045259843554407e-16
2.390042991546746531e-16
2.390040721358681613e-16
2.390038449283993717e-16
2.390036175327325782e-16
2.390033899493326666e-16
2.390031621786654097e-16
2.390029342211976655e-16
2.390027060773967846e-16
2.390024777477308574e-16
2.390022492326689604e-16
2.390020205326808601e-16
2.390017916482371614e-16
2.390015625798091595e-16
2.390013333278688396e-16
2.390011038928892225e-16
2.390008742753438219e-16
2.390006444757067925e-16
2.390004144944534231e-16
2.390001843320593967e-16
2.389999539890013826e-16
2.389997234657564444e-16
2.389994927628026810e-16
2.389992618806188819e-16
2.389990308196841320e-16
2.389987995804788477e-16
2.389985681634835438e-16
2.389983365691799678e-16
2.389981047980499166e-16
2.389978728505766167e-16
2.389976407272433441e-16
2.389974084285343607e-16
2.389971759549344710e-16
2.389969433069291200e-16
2.389967104850046407e-16
2.389964774896477109e-16
2.389962443213457480e-16
2.389960109805868596e-16
2.389957774678596959e-16
2.389955437836537450e-16
2.389953099284586924e-16
2.389950759027653573e-16
2.389948417070648551e-16
2.389946073418488926e-16
2.389943728076097683e-16
2.389941381048406189e-16
2.389939032340350247e-16
2.389936681956869114e-16
2.389934329902912891e-16
2.389931976183431681e-16
2.389929620803384460e-16
2.389927263767738094e-16
2.389924905081458956e-16
2.389922544749524264e-16
2.389920182776915182e-16
2.389917819168616819e-16
2.389915453929621184e-16
2.389913087064924725e-16
2.389910718579529807e-16
2.389908348478444216e-16
2.389905976766679686e-16
2.389903603449254851e-16
2.389901228531192288e-16
2.389898852017518029e-16
2.389896473913267471e-16
2.389894094223474533e-16
2.389891712953185953e-16
2.389889330107446988e-16
2.389886945691309307e-16
2.389884559709829508e-16
2.389882172168069614e-16
2.389879783071096576e-16
2.389877392423978826e-16
2.389875000231794162e-16
2.389872606499619892e-16
2.389870211232541208e-16
2.389867814435646265e-16
2.389865416114028145e-16
2.389863016272783383e-16
2.389860614917013444e-16
2.389858212051823736e-16
2.389855807682324601e-16
2.389853401813627855e-16
2.389850994450852221e-16
2.389848585599120363e-16
2.389846175263556920e-16
2.389843763449291459e-16
2.389841350161457987e-16
2.389838935405192973e-16
2.389836519185637818e-16
2.389834101507937375e-16
2.389831682377239454e-16
2.389829261798695810e-16
2.389826839777463128e-16
2.389824416318699572e-16
2.389821991427567744e-16
2.389819565109234190e-16
2.389817137368868413e-16
2.389814708211641397e-16
2.389812277642730536e-16
