1.192913924742562713e-16
1.192914041215388732e-16
1.192914178351793348e-16
1.192914307325882528e-16
1.192914417308101041e-16
1.192914507905057019e-16
1.192914583041591572e-16
1.192914647765245992e-16
1.192914706913355534e-16
1.192914764688168926e-16
1.192914824597204083e-16
1.192914889512892392e-16
1.192914961758734412e-16
1.192915043192958317e-16
1.192915135282999712e-16
1.192915239170175160e-16
1.192915355725379951e-16
1.192915485596716812e-16
1.192915629249844174e-16
1.192915787002008613e-16
1.192915959050441624e-16
1.192916145495990693e-16
1.192916346362634973e-16
1.192916561613551670e-16
1.192916791164303823e-16
1.192917034893597166e-16
1.192917292652069762e-16
1.192917564269406541e-16
1.192917849560115242e-16
1.192918148328159741e-16
1.192918460370717488e-16
1.192918785481140207e-16
1.192919123451332554e-16
1.192919474073604215e-16
1.192919837142139409e-16
1.192920212454100056e-16
1.192920599810475040e-16
1.192920999016720660e-16
1.192921409883193769e-16
1.192921832225460659e-16
1.192922265864489348e-16
1.192922710626748925e-16
1.192923166344222126e-16
1.192923632854386594e-16
1.192924110000125148e-16
1.192924597629620522e-16
1.192925095596215092e-16
1.192925603758255570e-16
1.192926121978919209e-16
1.192926650126036555e-16
1.192927188071908284e-16
1.192927735693117107e-16
1.192928292870337459e-16
1.192928859488159729e-16
1.192929435434899947e-16
1.192930020602425006e-16
1.192930614885979601e-16
1.192931218184021555e-16
1.192931830398057641e-16
1.192932451432487284e-16
1.192933081194460324e-16
1.192933719593734278e-16
1.192934366542529141e-16
1.192935021955412263e-16
1.192935685749166955e-16
1.192936357842678346e-16
1.192937038156821964e-16
1.192937726614357230e-16
1.192938423139831573e-16
1.192939127659486991e-16
1.192939840101162185e-16
1.192940560394220085e-16
1.192941288469457375e-16
1.192942024259037442e-16
1.192942767696417401e-16
1.192943518716271928e-16
1.192944277254445925e-16
1.192945043247880561e-16
1.192945816634565207e-16
1.192946597353477034e-16
1.192947385344540094e-16
1.192948180548569851e-16
1.192948982907232506e-16
1.192949792362998651e-16
1.192950608859109006e-16
1.192951432339535956e-16
1.192952262748942636e-16
1.192953100032657532e-16
1.192953944136636525e-16
1.192954795007435273e-16
1.192955652592186538e-16
1.192956516838563943e-16
1.192957387694764718e-16
1.192958265109483815e-16
1.192959149031893694e-16
1.192960039411618189e-16
1.192960936198719941e-16
1.192961839343675987e-16
1.192962748797365438e-16
1.192963664511048277e-16
1.192964586436352291e-16
1.192965514525259026e-16
1.192966448730085537e-16
1.192967389003482420e-16
1.192968335298404723e-16
1.192969287568117120e-16
1.192970245766171976e-16
1.192971209846400712e-16
1.192972179762909372e-16
1.192973155470065066e-16
1.192974136922487091e-16
1.192975124075040523e-16
1.192976116882826358e-16
1.192977115301177319e-16
1.192978119285649970e-16
1.192979128792015343e-16
1.192980143776256727e-16
1.192981164194560540e-16
1.192982190003313868e-16
1.192983221159097559e-16
1.192984257618681790e-16
1.192985299339021625e-16
1.192986346277252090e-16
1.192987398390684714e-16
1.192988455636802362e-16
1.192989517973259226e-16
1.192990585357872447e-16
1.192991657748622365e-16
1.192992735103646596e-16
1.192993817381242747e-16
1.192994904539856092e-16
1.192995996538087950e-16
1.192997093334685579e-16
1.192998194888542670e-16
1.192999301158694909e-16
1.193000412104322688e-16
1.193001527684745190e-16
1.193002647859417676e-16
1.193003772587935183e-16
1.193004901830024391e-16
1.193006035545546578e-16
1.193007173694492443e-16
1.193008316236988026e-16
1.193009463133282134e-16
1.193010614343753980e-16
1.193011769828910723e-16
1.193012929549382533e-16
1.193014093465925060e-16
1.193015261539418445e-16
1.193016433730861651e-16
1.193017610001379860e-16
1.193018790312215594e-16
1.193019974624732174e-16
1.193021162900412972e-16
1.193022355100859197e-16
1.193023551187791375e-16
1.193024751123043181e-16
1.193025954868570320e-16
1.193027162386440416e-16
1.193028373638837940e-16
1.193029588588062739e-16
1.193030807196530273e-16
1.193032029426765951e-16
1.193033255241413513e-16
1.193034484603227629e-16
1.193035717475076125e-16
1.193036953819940223e-16
1.193038193600909860e-16
1.193039436781192072e-16
1.193040683324100388e-16
1.193041933193062725e-16
1.193043186351616698e-16
1.193044442763411103e-16
1.193045702392203207e-16
1.193046965201863672e-16
1.193048231156368672e-16
1.193049500219808026e-16
1.193050772356378296e-16
1.193052047530386484e-16
1.193053325706249540e-16
1.193054606848491156e-16
1.193055890921742261e-16
1.193057177890748414e-16
1.193058467720354522e-16
1.193059760375522096e-16
1.193061055821316429e-16
1.193062354022909314e-16
1.193063654945582735e-16
1.193064958554726159e-16
1.193066264815833086e-16
1.193067573694509178e-16
1.193068885156462901e-16
1.193070199167510444e-16
1.193071515693575976e-16
1.193072834700691885e-16
1.193074156154992126e-16
1.193075480022722328e-16
1.193076806270229929e-16
1.193078134863972319e-16
1.193079465770508451e-16
1.193080798956509198e-16
1.193082134388746259e-16
1.193083472034098570e-16
1.193084811859551563e-16
1.193086153832194454e-16
1.193087497919223447e-16
1.193088844087939520e-16
1.193090192305747185e-16
1.193091542540158192e-16
1.193092894758788076e-16
1.193094248929358375e-16
1.193095605019692683e-16
1.193096962997720602e-16
1.193098322831479212e-16
1.193099684489104449e-16
1.193101047938840471e-16
1.193102413149033249e-16
1.193103780088135249e-16
1.193105148724700748e-16
1.193106519027388551e-16
1.193107890964961491e-16
1.193109264506285446e-16
1.193110639620330326e-16
1.193112016276169087e-16
1.193113394442976495e-16
1.193114774090034552e-16
1.193116155186723624e-16
1.193117537702530077e-16
1.193118921607039872e-16
1.193120306869946945e-16
1.193121693461042361e-16
1.193123081350223187e-16
1.193124470507486086e-16
1.193125860902931996e-16
1.193127252506763669e-16
1.193128645289284929e-16
1.193130039220902645e-16
1.193131434272123527e-16
1.193132830413557822e-16
1.193134227615916603e-16
1.193135625850011772e-16
1.193137025086756547e-16
1.193138425297165713e-16
1.193139826452355621e-16
1.193141228523541723e-16
1.193142631482041776e-16
1.193144035299272391e-16
1.193145439946752485e-16
1.193146845396101061e-16
1.193148251619034990e-16
1.193149658587374682e-16
1.193151066273037674e-16
1.193152474648042824e-16
1.193153883684507350e-16
1.193155293354650529e-16
1.193156703630786549e-16
1.193158114485334366e-16
1.193159525890807108e-16
1.193160937819819717e-16
1.193162350245085738e-16
1.193163763139414617e-16
1.193165176475719582e-16
1.193166590227007784e-16
1.193168004366385722e-16
1.193169418867057764e-16
1.193170833702329104e-16
1.193172248845598365e-16
1.193173664270364997e-16
1.193175079950223363e-16
1.193176495858869633e-16
1.193177911970091685e-16
1.193179328257777978e-16
1.193180744695913604e-16
1.193182161258579059e-16
1.193183577919953200e-16
1.193184994654309054e-16
1.193186411436018750e-16
1.193187828239548830e-16
1.193189245039462477e-16
1.193190661810418026e-16
1.193192078527170449e-16
1.193193495164569875e-16
1.193194911697561094e-16
1.193196328101186274e-16
1.193197744350580766e-16
1.193199160420974829e-16
1.193200576287695361e-16
1.193201991926162441e-16
1.193203407311889580e-16
1.193204822420486925e-16
1.193206237227658053e-16
1.193207651709199725e-16
1.193209065841003613e-16
1.193210479599053831e-16
1.193211892959428914e-16
1.193213305898300578e-16
1.193214718391933723e-16
1.193216130416687174e-16
1.193217541949010476e-16
1.193218952965448082e-16
1.193220363442635903e-16
1.193221773357302297e-16
1.193223182686269051e-16
1.193224591406447193e-16
1.193225999494843153e-16
1.193227406928552107e-16
1.193228813684763404e-16
1.193230219740755630e-16
1.193231625073899571e-16
1.193233029661657471e-16
1.193234433481581553e-16
1.193235836511315992e-16
1.193237238728594450e-16
1.193238640111242046e-16
1.193240040637172402e-16
1.193241440284391581e-16
1.193242839030994149e-16
1.193244236855164157e-16
1.193245633735176870e-16
1.193247029649394080e-16
1.193248424576269775e-16
1.193249818494346447e-16
1.193251211382253608e-16
1.193252603218711980e-16
1.193253993982529802e-16
1.193255383652602332e-16
1.193256772207915796e-16
1.193258159627542946e-16
1.193259545890643309e-16
1.193260930976467626e-16
1.193262314864350452e-16
1.193263697533716322e-16
1.193265078964075067e-16
1.193266459135025267e-16
1.193267838026251779e-16
1.193269215617525745e-16
1.193270591888705081e-16
1.193271966819734971e-16
1.193273340390644908e-16
1.193274712581552392e-16
1.193276083372659727e-16
1.193277452744254263e-16
1.193278820676712101e-16
1.193280187150490198e-16
1.193281552146134257e-16
1.193282915644272566e-16
1.193284277625620187e-16
1.193285638070976001e-16
1.193286996961222456e-16
1.193288354277328529e-16
1.193289710000345041e-16
1.193291064111408356e-16
1.193292416591737915e-16
1.193293767422637468e-16
1.193295116585493842e-16
1.193296464061776940e-16
1.193297809833040483e-16
1.193299153880920281e-16
1.193300496187135717e-16
1.193301836733487276e-16
1.193303175501860740e-16
1.193304512474221515e-16
1.193305847632618578e-16
1.193307180959182506e-16
1.193308512436124236e-16
1.193309842045739513e-16
1.193311169770401979e-16
1.193312495592569339e-16
1.193313819494777446e-16
1.193315141459646461e-16
1.193316461469874692e-16
1.193317779508242293e-16
1.193319095557609780e-16
1.193320409600916804e-16
1.193321721621183874e-16
1.193323031601511370e-16
1.193324339525079545e-16
1.193325645375147785e-16
1.193326949135055594e-16
1.193328250788220129e-16
1.193329550318139654e-16
1.193330847708388851e-16
1.193332142942623262e-16
1.193333436004576329e-16
1.193334726878058654e-16
1.193336015546960711e-16
1.193337301995250134e-16
1.193338586206972952e-16
1.193339868166250380e-16
1.193341147857285479e-16
1.193342425264355018e-16
1.193343700371814900e-16
1.193344973164095969e-16
1.193346243625708447e-16
1.193347511741237253e-16
1.193348777495344713e-16
1.193350040872769079e-16
1.193351301858325519e-16
1.193352560436902662e-16
1.193353816593468271e-16
1.193355070313063818e-16
1.193356321580807194e-16
1.193357570381889263e-16
1.193358816701578786e-16
1.193360060525218974e-16
1.193361301838226254e-16
1.193362540626093228e-16
1.193363776874385221e-16
1.193365010568744223e-16
1.193366241694884457e-16
1.193367470238595088e-16
1.193368696185737509e-16
1.193369919522248301e-16
1.193371140234137511e-16
1.193372358307487659e-16
1.193373573728453991e-16
1.193374786483265213e-16
1.193375996558223988e-16
1.193377203939703237e-16
1.193378408614149591e-16
1.193379610568082156e-16
1.193380809788091775e-16
1.193382006260840045e-16
1.193383199973063500e-16
1.193384390911566470e-16
1.193385579063226993e-16
1.193386764414993613e-16
1.193387946953886610e-16
1.193389126666996274e-16
1.193390303541483894e-16
1.193391477564581756e-16
1.193392648723592406e-16
1.193393817005887905e-16
1.193394982398912052e-16
1.193396144890176688e-16
1.193397304467264400e-16
1.193398461117827052e-16
1.193399614829587009e-16
1.193400765590332951e-16
1.193401913387926528e-16
1.193403058210296441e-16
1.193404200045439186e-16
1.193405338881420777e-16
1.193406474706376991e-16
1.193407607508508443e-16
1.193408737276088469e-16
1.193409863997453512e-16
1.193410987661012003e-16
1.193412108255236710e-16
1.193413225768670662e-16
1.193414340189921722e-16
1.193415451507666036e-16
1.193416559710647548e-16
1.193417664787674291e-16
1.193418766727624315e-16
1.193419865519439760e-16
1.193420961152129576e-16
1.193422053614770258e-16
1.193423142896501657e-16
1.193424228986531661e-16
1.193425311874132750e-16
1.193426391548643715e-16
1.193427467999468673e-16
1.193428541216075347e-16
1.193429611187997524e-16
1.193430677904834566e-16
1.193431741356249684e-16
1.193432801531970922e-16
1.193433858421789928e-16
1.193434912015563428e-16
1.193435962303212494e-16
1.193437009274721302e-16
1.193438052920137140e-16
1.193439093229573115e-16
1.193440130193203966e-16
1.193441163801267538e-16
1.193442194044065772e-16
1.193443220911962733e-16
1.193444244395386086e-16
1.193445264484824881e-16
1.193446281170832509e-16
1.193447294444022756e-16
1.193448304295072274e-16
1.193449310714720575e-16
1.193450313693767322e-16
1.193451313223074547e-16
1.193452309293566653e-16
1.193453301896228685e-16
1.193454291022106578e-16
1.193455276662307651e-16
1.193456258808000114e-16
1.193457237450412573e-16
1.193458212580835018e-16
1.193459184190616848e-16
1.193460152271168602e-16
1.193461116813960228e-16
1.193462077810522317e-16
1.193463035252444381e-16
1.193463989131376326e-16
1.193464939439027470e-16
1.193465886167165065e-16
1.193466829307617497e-16
1.193467768852272318e-16
1.193468704793074026e-16
1.193469637122026035e-16
1.193470565831192159e-16
1.193471490912693404e-16
1.193472412358708705e-16
1.193473330161475919e-16
1.193474244313290587e-16
1.193475154806505686e-16
1.193476061633531637e-16
1.193476964786837283e-16
1.193477864258947674e-16
1.193478760042446284e-16
1.193479652129972301e-16
1.193480540514222847e-16
1.193481425187951247e-16
1.193482306143967281e-16
1.193483183375137920e-16
1.193484056874384864e-16
1.193484926634687251e-16
1.193485792649080671e-16
1.193486654910654456e-16
1.193487513412555131e-16
1.193488368147984440e-16
1.193489219110200334e-16
1.193490066292513766e-16
1.193490909688292635e-16
1.193491749290959319e-16
1.193492585093991171e-16
1.193493417090918053e-16
1.193494245275328498e-16
1.193495069640860835e-16
1.193495890181211080e-16
1.193496706890127264e-16
1.193497519761411406e-16
1.193498328788920990e-16
1.193499133966563791e-16
1.193499935288304777e-16
1.193500732748159453e-16
1.193501526340197309e-16
1.193502316058541333e-16
1.193503101897366772e-16
1.193503883850901629e-16
1.193504661913426417e-16
1.193505436079275142e-16
1.193506206342831854e-16
1.193506972698533605e-16
1.193507735140870447e-16
1.193508493664384203e-16
1.193509248263666984e-16
1.193509998933362426e-16
1.193510745668167411e-16
1.193511488462828125e-16
1.193512227312143262e-16
1.193512962210960083e-16
1.193513693154180574e-16
1.193514420136754298e-16
1.193515143153681605e-16
1.193515862200014609e-16
1.193516577270854239e-16
1.193517288361352204e-16
1.193517995466710012e-16
1.193518698582179213e-16
1.193519397703060908e-16
1.193520092824705008e-16
1.193520783942511715e-16
1.193521471051929547e-16
1.193522154148457560e-16
1.193522833227642389e-16
1.193523508285080216e-16
1.193524179316415297e-16
1.193524846317340451e-16
1.193525509283597556e-16
1.193526168210976313e-16
1.193526823095314247e-16
1.193527473932496464e-16
1.193528120718457617e-16
1.193528763449178460e-16
1.193529402120687326e-16
1.193530036729061603e-16
1.193530667270423301e-16
1.193531293740942500e-16
1.193531916136838337e-16
1.193532534454374570e-16
1.193533148689861795e-16
1.193533758839657694e-16
1.193534364900166293e-16
1.193534966867837964e-16
1.193535564739168934e-16
1.193536158510702264e-16
1.193536748179024900e-16
1.193537333740772350e-16
1.193537915192623015e-16
1.193538492531303371e-16
1.193539065753582045e-16
1.193539634856276476e-16
1.193540199836246259e-16
1.193540760690397333e-16
1.193541317415678780e-16
1.193541870009087503e-16
1.193542418467661823e-16
1.193542962788485667e-16
1.193543502968687827e-16
1.193544039005439498e-16
1.193544570895957973e-16
1.193545098637502453e-16
1.193545622227377005e-16
1.193546141662928346e-16
1.193546656941547812e-16
1.193547168060668398e-16
1.193547675017768464e-16
1.193548177810368025e-16
1.193548676436029751e-16
1.193549170892359199e-16
1.193549661177005567e-16
1.193550147287658722e-16
1.193550629222053403e-16
1.193551106977964281e-16
1.193551580553209171e-16
1.193552049945647793e-16
1.193552515153182272e-16
1.193552976173754419e-16
1.193553433005350174e-16
1.193553885645994920e-16
1.193554334093757181e-16
1.193554778346744675e-16
1.193555218403108263e-16
1.193555654261037018e-16
1.193556085918763890e-16
1.193556513374560041e-16
1.193556936626739036e-16
1.193557355673653633e-16
1.193557770513697268e-16
1.193558181145303066e-16
1.193558587566945074e-16
1.193558989777136043e-16
1.193559387774430139e-16
1.193559781557419245e-16
1.193560171124736660e-16
1.193560556475053152e-16
1.193560937607080168e-16
1.193561314519568101e-16
1.193561687211304819e-16
1.193562055681119601e-16
1.193562419927878461e-16
1.193562779950487101e-16
1.193563135747889186e-16
1.193563487319066839e-16
1.193563834663040394e-16
1.193564177778867901e-16
1.193564516665647101e-16
1.193564851322511233e-16
1.193565181748632979e-16
1.193565507943222492e-16
1.193565829905525917e-16
1.193566147634827856e-16
1.193566461130450874e-16
1.193566770391753528e-16
1.193567075418132095e-16
1.193567376209018346e-16
1.193567672763883007e-16
1.193567965082231559e-16
1.193568253163606710e-16
1.193568537007587406e-16
1.193568816613789323e-16
1.193569091981863637e-16
1.193569363111497268e-16
1.193569630002414116e-16
1.193569892654373084e-16
1.193570151067168576e-16
1.193570405240630741e-16
1.193570655174625718e-16
1.193570900869053667e-16
1.193571142323851726e-16
1.193571379538989327e-16
1.193571612514474357e-16
1.193571841250345768e-16
1.193572065746680226e-16
1.193572286003587186e-16
1.193572502021211355e-16
1.193572713799731213e-16
1.193572921339360244e-16
1.193573124640344475e-16
1.193573323702965677e-16
1.193573518527538409e-16
1.193573709114411494e-16
1.193573895463966299e-16
1.193574077576619439e-16
1.193574255452819333e-16
1.193574429093048173e-16
1.193574598497821429e-16
1.193574763667687854e-16
1.193574924603228245e-16
1.193575081305056436e-16
1.193575233773819538e-16
1.193575382010197205e-16
1.193575526014900397e-16
1.193575665788673356e-16
1.193575801332292616e-16
1.193575932646566021e-16
1.193576059732333953e-16
1.193576182590468105e-16
1.193576301221873200e-16
1.193576415627484286e-16
1.193576525808267963e-16
1.193576631765222881e-16
1.193576733499378996e-16
1.193576831011796339e-16
1.193576924303567484e-16
1.193577013375814584e-16
1.193577098229691842e-16
1.193577178866383041e-16
1.193577255287104015e-16
1.193577327493098698e-16
1.193577395485643813e-16
1.193577459266044923e-16
1.193577518835638408e-16
1.193577574195790971e-16
1.193577625347897662e-16
1.193577672293385334e-16
1.193577715033709681e-16
1.193577753570354748e-16
1.193577787904835888e-16
1.193577818038697541e-16
1.193577843973512008e-16
1.193577865710882893e-16
1.193577883252440920e-16
1.193577896599846889e-16
1.193577905754789700e-16
1.193577910718987099e-16
1.193577911494185673e-16
1.193577908082160852e-16
1.193577900484715923e-16
1.193577888703682028e-16
1.193577872740919155e-16
1.193577852598315639e-16
1.193577828277785700e-16
1.193577799781274866e-16
1.193577767110753565e-16
1.193577730268220818e-16
1.193577689255702767e-16
1.193577644075253160e-16
1.193577594728953852e-16
1.193577541218913072e-16
1.193577483547265676e-16
1.193577421716174869e-16
1.193577355727828259e-16
1.193577285584443533e-16
1.193577211288262781e-16
1.193577132841555211e-16
1.193577050246616407e-16
1.193576963505768334e-16
1.193576872621359576e-16
1.193576777595763867e-16
1.193576678431382056e-16
1.193576575130640381e-16
1.193576467695990476e-16
1.193576356129911089e-16
1.193576240434904388e-16
1.193576120613500645e-16
1.193575996668252811e-16
1.193575868601741940e-16
1.193575736416571519e-16
1.193575600115372400e-16
1.193575459700798854e-16
1.193575315175531280e-16
1.193575166542273255e-16
1.193575013803754482e-16
1.193574856962729566e-16
1.193574696021975297e-16
1.193574530984295583e-16
1.193574361852516025e-16
1.193574188629489587e-16
1.193574011318089202e-16
1.193573829921215660e-16
1.193573644441791444e-16
1.193573454882763196e-16
1.193573261247101470e-16
1.193573063537800240e-16
1.193572861757876652e-16
1.193572655910371765e-16
1.193572445998349811e-16
1.193572232024897702e-16
1.193572013993125766e-16
1.193571791906167756e-16
1.193571565767179853e-16
1.193571335579339935e-16
1.193571101345851023e-16
1.193570863069936108e-16
1.193570620754842830e-16
1.193570374403839540e-16
1.193570124020217266e-16
1.193569869607290951e-16
1.193569611168395009e-16
1.193569348706887031e-16
1.193569082226146793e-16
1.193568811729575517e-16
1.193568537220596367e-16
1.193568258702653460e-16
1.193567976179213841e-16
1.193567689653763780e-16
1.193567399129812477e-16
1.193567104610890331e-16
1.193566806100548447e-16
1.193566503602359135e-16
1.193566197119915161e-16
1.193565886656830989e-16
1.193565572216740308e-16
1.193565253803299735e-16
1.193564931420184870e-16
1.193564605071091772e-16
1.193564274759737701e-16
1.193563940489858900e-16
1.193563602265213306e-16
1.193563260089577835e-16
1.193562913966750361e-16
1.193562563900548231e-16
1.193562209894807281e-16
1.193561851953385040e-16
1.193561490080158514e-16
1.193561124279022949e-16
1.193560754553893808e-16
1.193560380908706028e-16
1.193560003347413280e-16
1.193559621873988711e-16
1.193559236492425192e-16
1.193558847206733092e-16
1.193558454020943493e-16
1.193558056939104235e-16
1.193557655965284115e-16
1.193557251103568448e-16
1.193556842358063007e-16
1.193556429732890331e-16
1.193556013232192432e-16
1.193555592860128579e-16
1.193555168620878009e-16
1.193554740518635984e-16
1.193554308557616992e-16
1.193553872742053026e-16
1.193553433076194075e-16
1.193552989564307628e-16
1.193552542210679173e-16
1.193552091019612193e-16
1.193551635995425454e-16
1.193551177142458185e-16
1.193550714465064898e-16
1.193550247967617608e-16
1.193549777654505586e-16
1.193549303530135853e-16
1.193548825598931453e-16
1.193548343865332688e-16
1.193547858333796128e-16
1.193547369008795847e-16
1.193546875894821943e-16
1.193546378996381771e-16
1.193545878317997967e-16
1.193545373864210673e-16
1.193544865639575315e-16
1.193544353648664328e-16
1.193543837896065922e-16
1.193543318386383596e-16
1.193542795124238102e-16
1.193542268114265230e-16
1.193541737361117287e-16
1.193541202869460633e-16
1.193540664643978635e-16
1.193540122689369701e-16
1.193539577010348752e-16
1.193539027611643778e-16
1.193538474498000023e-16
1.193537917674176785e-16
1.193537357144948889e-16
1.193536792915106447e-16
1.193536224989454609e-16
1.193535653372812082e-16
1.193535078070014090e-16
1.193534499085909170e-16
1.193533916425361388e-16
1.193533330093248617e-16
1.193532740094464012e-16
1.193532146433913797e-16
1.193531549116519476e-16
1.193530948147217101e-16
1.193530343530956280e-16
1.193529735272700181e-16
1.193529123377427009e-16
1.193528507850127790e-16
1.193527888695808091e-16
1.193527265919486794e-16
1.193526639526197078e-16
1.193526009520984695e-16
1.193525375908909940e-16
1.193524738695045189e-16
1.193524097884477609e-16
1.193523453482306940e-16
1.193522805493645739e-16
1.193522153923620370e-16
1.193521498777370014e-16
1.193520840060046428e-16
1.193520177776814924e-16
1.193519511932852155e-16
1.193518842533349072e-16
1.193518169583508953e-16
1.193517493088547402e-16
1.193516813053692099e-16
1.193516129484183548e-16
1.193515442385274329e-16
1.193514751762230336e-16
1.193514057620328061e-16
1.193513359964856817e-16
1.193512658801118735e-16
1.193511954134426301e-16
1.193511245970105311e-16
1.193510534313491918e-16
1.193509819169935583e-16
1.193509100544796616e-16
1.193508378443446914e-16
1.193507652871269714e-16
1.193506923833660822e-16
1.193506191336025170e-16
1.193505455383781246e-16
1.193504715982357398e-16
1.193503973137194303e-16
1.193503226853742248e-16
1.193502477137462864e-16
1.193501723993829612e-16
1.193500967428326554e-16
1.193500207446447368e-16
1.193499444053697810e-16
1.193498677255594236e-16
1.193497907057662369e-16
1.193497133465439028e-16
1.193496356484471877e-16
1.193495576120318688e-16
1.193494792378547092e-16
1.193494005264735322e-16
1.193493214784472459e-16
1.193492420943356209e-16
1.193491623746994881e-16
1.193490823201006889e-16
1.193490019311020511e-16
1.193489212082673636e-16
1.193488401521613522e-16
1.193487587633498028e-16
1.193486770423993886e-16
1.193485949898777690e-16
1.193485126063535156e-16
1.193484298923960873e-16
1.193483468485760278e-16
1.193482634754646201e-16
1.193481797736342570e-16
1.193480957436580212e-16
1.193480113861101295e-16
1.193479267015655381e-16
1.193478416906001403e-16
1.193477563537906427e-16
1.193476706917148119e-16
1.193475847049510801e-16
1.193474983940788411e-16
1.193474117596783760e-16
1.193473248023307055e-16
1.193472375226178118e-16
1.193471499211223918e-16
1.193470619984281288e-16
1.193469737551194206e-16
1.193468851917814296e-16
1.193467963090002548e-16
1.193467071073627593e-16
1.193466175874565706e-16
1.193465277498700802e-16
1.193464375951925428e-16
1.193463471240140015e-16
1.193462563369251159e-16
1.193461652345175071e-16
1.193460738173834371e-16
1.193459820861159321e-16
1.193458900413087823e-16
1.193457976835565425e-16
1.193457050134543836e-16
1.193456120315984871e-16
1.193455187385853059e-16
1.193454251350124021e-16
1.193453312214779049e-16
1.193452369985806335e-16
1.193451424669200731e-16
1.193450476270963742e-16
1.193449524797106241e-16
1.193448570253642307e-16
1.193447612646594892e-16
1.193446651981992867e-16
1.193445688265872004e-16
1.193444721504274236e-16
1.193443751703248402e-16
1.193442778868849503e-16
1.193441803007138701e-16
1.193440824124183570e-16
1.193439842226058339e-16
