9.349913299526354198e-20
9.277045255168276173e-20
9.174835762952479931e-20
9.054185354104246502e-20
8.922599014909308471e-20
8.785205531017184401e-20
8.645488087428060505e-20
8.505787457103737281e-20
8.367652924378368965e-20
8.232090443217854695e-20
8.099736179528726602e-20
7.970975136360475987e-20
7.846020957892568017e-20
7.724969528196898381e-20
7.607835361774159794e-20
7.494576746151114092e-20
7.385113433748391105e-20
7.279339282951483017e-20
7.177131387590734915e-20
7.078356709278150785e-20
6.982876902098628671e-20
6.890551811703958966e-20
6.801241993647597532e-20
6.714810501990591805e-20
6.631124133283642294e-20
6.550054263709934006e-20
6.471477382657487801e-20
6.395275400511470289e-20
6.321335789474410521e-20
6.249551601978034889e-20
6.179821400497214845e-20
6.112049124422853302e-20
6.046143913441611853e-20
5.982019902129532283e-20
5.919595996837896226e-20
5.858795643167252961e-20
5.799546590190394407e-20
5.741780655947298510e-20
5.685433497477509420e-20
5.630444387694595635e-20
5.576756000671582376e-20
5.524314206348671202e-20
5.473067875251598016e-20
5.422968693492289104e-20
5.373970988088276061e-20
5.326031562464891726e-20
5.279109541881028413e-20
5.233166228432894209e-20
5.188164965233108386e-20
5.144071009326623318e-20
5.100851412886334794e-20
5.058474912224345944e-20
5.016911824157824389e-20
4.976133949277240040e-20
4.936114481679135409e-20
4.896827924742807147e-20
4.858250012549382734e-20
4.820357636562640691e-20
4.783128777212023661e-20
4.746542440039382632e-20
4.710578596091994654e-20
4.675218126264914759e-20
4.640442769315081430e-20
4.606235073288697758e-20
4.572578350121059159e-20
4.539456633184780640e-20
4.506854637578725280e-20
4.474757722964320531e-20
4.443151858770179739e-20
4.412023591598945711e-20
4.381360014682331288e-20
4.351148739241770701e-20
4.321377867622292682e-20
4.292035968077177341e-20
4.263112051090009493e-20
4.234595547128778867e-20
4.206476285734699106e-20
4.178744475855467016e-20
4.151390687339116082e-20
4.124405833511074972e-20
4.097781154762275472e-20
4.071508203081664846e-20
4.045578827471129333e-20
4.019985160185480625e-20
3.994719603743881406e-20
3.969774818663350777e-20
3.945143711868202475e-20
3.920819425732602478e-20
3.896795327716417148e-20
3.873065000557282578e-20
3.849622232984520917e-20
3.826461010922725575e-20
3.803575509155082766e-20
3.780960083418662286e-20
3.758609262905598621e-20
3.736517743146056380e-20
3.714680379250227579e-20
3.693092179488354312e-20
3.671748299189011347e-20
3.650644034937245172e-20
3.629774819055368548e-20
3.609136214350241170e-20
3.588723909111993116e-20
3.568533712350108941e-20
3.548561549253635840e-20
3.528803456863111700e-20
3.509255579942595471e-20
3.489914167041011633e-20
3.470775566732424385e-20
3.451836224025826177e-20
3.433092676935298421e-20
3.414541553202175625e-20
3.396179567161199874e-20
3.378003516743212304e-20
3.360010280607313419e-20
3.342196815395971757e-20
3.324560153106690448e-20
3.307097398574445431e-20
3.289805727059391994e-20
3.272682381934542728e-20
3.255724672468488919e-20
3.238929971698642454e-20
3.222295714390456053e-20
3.205819395078565338e-20
3.189498566185939492e-20
3.173330836217295782e-20
3.157313868023352178e-20
3.141445377132519436e-20
3.125723130147004691e-20
3.110144943200244490e-20
3.094708680473008270e-20
3.079412252765358018e-20
3.064253616122056095e-20
3.049230770509000578e-20
3.034341758538400472e-20
3.019584664240565041e-20
3.004957611880259167e-20
2.990458764815704207e-20
2.976086324398349589e-20
2.961838528911699852e-20
2.947713652547523396e-20
2.933710004417872083e-20
2.919825927601375777e-20
2.906059798222447411e-20
2.892410024561951135e-20
2.878875046198158714e-20
2.865453333176595484e-20
2.852143385207777982e-20
2.838943730891591403e-20
2.825852926967304193e-20
2.812869557588186394e-20
2.799992233619762764e-20
2.787219591960741318e-20
2.774550294885822829e-20
2.761983029409426544e-20
2.749516506669626719e-20
2.737149461331465819e-20
2.724880651008946231e-20
2.712708855704984878e-20
2.700632877268637114e-20
2.688651538868982315e-20
2.676763684485038924e-20
2.664968178411117331e-20
2.653263904777037025e-20
2.641649767082691308e-20
2.630124687746442915e-20
2.618687607666819063e-20
2.607337485797080148e-20
2.596073298732159535e-20
2.584894040307588344e-20
2.573798721209938804e-20
2.562786368598423554e-20
2.551856025737228699e-20
2.541006751638272460e-20
2.530237620713929313e-20
2.519547722439526712e-20
2.508936161025131421e-20
2.498402055096417203e-20
2.487944537384304219e-20
2.477562754422998492e-20
2.467255866256273445e-20
2.457023046151605926e-20
2.446863480322013242e-20
2.436776367655256276e-20
2.426760919450247386e-20
2.416816359160353734e-20
2.406941922143460333e-20
2.397136855418500596e-20
2.387400417428309669e-20
2.377731877808563088e-20
2.368130517162645802e-20
2.358595626842226758e-20
2.349126508733406353e-20
2.339722475048232708e-20
2.330382848121430299e-20
2.321106960212221158e-20
2.311894153311006651e-20
2.302743778950845417e-20
2.293655198023529762e-20
2.284627780600155199e-20
2.275660905756026026e-20
2.266753961399796756e-20
2.257906344106703434e-20
2.249117458955764475e-20
2.240386719370860755e-20
2.231713546965565236e-20
2.223097371391610802e-20
2.214537630190901496e-20
2.206033768650973288e-20
2.197585239663783385e-20
2.189191503587766100e-20
2.180852028113034910e-20
2.172566288129669309e-20
2.164333765598988963e-20
2.156153949427697196e-20
2.148026335344915478e-20
2.139950425781903987e-20
2.131925729754493212e-20
2.123951762748109551e-20
2.116028046605324769e-20
2.108154109415869756e-20
2.100329485409073745e-20
2.092553714848602910e-20
2.084826343929486612e-20
2.077146924677374711e-20
2.069515014849932660e-20
2.061930177840337071e-20
2.054391982582838939e-20
2.046900003460286508e-20
2.039453820213627328e-20
2.032053017853283275e-20
2.024697186572365443e-20
2.017385921661714451e-20
2.010118823426666265e-20
2.002895497105543231e-20
1.995715552789804419e-20
1.988578605345836015e-20
1.981484274338305929e-20
1.974432183955085327e-20
1.967421962933666374e-20
1.960453244489059328e-20
1.953525666243119335e-20
1.946638870155285175e-20
1.939792502454676389e-20
1.932986213573532838e-20
1.926219658081941628e-20
1.919492494623873968e-20
1.912804385854417606e-20
1.906154998378255707e-20
1.899544002689322655e-20
1.892971073111603068e-20
1.886435887741081866e-20
1.879938128388794221e-20
1.873477480524937475e-20
1.867053633224051355e-20
1.860666279111234565e-20
1.854315114309351146e-20
1.847999838387230472e-20
1.841720154308826619e-20
1.835475768383317517e-20
1.829266390216124341e-20
1.823091732660825550e-20
1.816951511771959270e-20
1.810845446758660139e-20
1.804773259939174258e-20
1.798734676696159564e-20
1.792729425432811335e-20
1.786757237529764097e-20
1.780817847302768104e-20
1.774910991961117543e-20
1.769036411566809079e-20
1.763193848994430155e-20
1.757383049891740919e-20
1.751603762640961232e-20
1.745855738320721510e-20
1.740138730668675308e-20
1.734452496044763716e-20
1.728796793395116807e-20
1.723171384216562659e-20
1.717576032521756291e-20
1.712010504804905332e-20
1.706474570008054505e-20
1.700967999487983713e-20
1.695490566983622506e-20
1.690042048584032095e-20
1.684622222696931445e-20
1.679230870017730732e-20
1.673867773499095929e-20
1.668532718321000894e-20
1.663225491861295858e-20
1.657945883666742032e-20
1.652693685424526507e-20
1.647468690934253513e-20
1.642270696080375333e-20
1.637099498805080627e-20
1.631954899081618497e-20
1.626836698888056486e-20
1.621744702181455365e-20
1.616678714872460699e-20
1.611638544800294945e-20
1.606624001708159419e-20
1.601634897219009104e-20
1.596671044811725887e-20
1.591732259797656522e-20
1.586818359297524938e-20
1.581929162218702662e-20
1.577064489232834620e-20
1.572224162753812523e-20
1.567408006916091303e-20
1.562615847553335963e-20
1.557847512177402463e-20
1.553102829957636076e-20
1.548381631700492646e-20
1.543683749829460462e-20
1.539009018365297816e-20
1.534357272906567561e-20
1.529728350610456362e-20
1.525122090173895460e-20
1.520538331814957394e-20
1.515976917254534091e-20
1.511437689698281570e-20
1.506920493818845416e-20
1.502425175738335117e-20
1.497951583011071344e-20
1.493499564606576380e-20
1.489068970892816720e-20
1.484659653619701165e-20
1.480271465902800994e-20
1.475904262207321715e-20
1.471557898332306827e-20
1.467232231395060358e-20
1.462927119815802618e-20
1.458642423302542322e-20
1.454378002836169291e-20
1.450133720655755693e-20
1.445909440244068836e-20
1.441705026313293109e-20
1.437520344790946314e-20
1.433355262806004851e-20
1.429209648675214865e-20
1.425083371889599001e-20
1.420976303101161170e-20
1.416888314109756221e-20
1.412819277850167249e-20
1.408769068379339089e-20
1.404737560863810419e-20
1.400724631567298132e-20
1.396730157838470690e-20
1.392754018098877660e-20
1.388796091831048069e-20
1.384856259566754265e-20
1.380934402875431064e-20
1.377030404352753177e-20
1.373144147609368521e-20
1.369275517259787108e-20
1.365424398911405952e-20
1.361590679153702494e-20
1.357774245547550812e-20
1.353974986614698362e-20
1.350192791827371380e-20
1.346427551598024568e-20
1.342679157269220332e-20
1.338947501103651863e-20
1.335232476274284635e-20
1.331533976854642643e-20
1.327851897809203882e-20
1.324186134983937112e-20
1.320536585096958986e-20
1.316903145729301178e-20
1.313285715315812617e-20
1.309684193136170509e-20
1.306098479306008577e-20
1.302528474768160842e-20
1.298974081284018266e-20
1.295435201424995528e-20
1.291911738564102519e-20
1.288403596867629594e-20
1.284910681286939801e-20
1.281432897550353187e-20
1.277970152155148931e-20
1.274522352359653676e-20
1.271089406175446936e-20
1.267671222359644581e-20
1.264267710407293375e-20
1.260878780543853074e-20
1.257504343717779342e-20
1.254144311593189566e-20
1.250798596542624825e-20
1.247467111639900319e-20
1.244149770653049402e-20
1.240846488037340724e-20
1.237557178928396649e-20
1.234281759135387346e-20
1.231020145134304178e-20
1.227772254061331344e-20
1.224538003706274998e-20
1.221317312506094980e-20
1.218110099538494785e-20
1.214916284515605108e-20
1.211735787777734057e-20
1.208568530287192136e-20
1.205414433622200139e-20
1.202273419970856624e-20
1.199145412125190406e-20
1.196030333475274275e-20
1.192928108003413660e-20
1.189838660278401637e-20
1.186761915449842550e-20
1.183697799242543946e-20
1.180646237950974112e-20
1.177607158433781745e-20
1.174580488108382739e-20
1.171566154945609108e-20
1.168564087464423061e-20
1.165574214726686597e-20
1.162596466331995949e-20
1.159630772412577573e-20
1.156677063628239648e-20
1.153735271161378054e-20
1.150805326712054716e-20
1.147887162493112813e-20
1.144980711225360752e-20
1.142085906132809853e-20
1.139202680937959731e-20
1.136330969857146881e-20
1.133470707595937784e-20
1.130621829344576797e-20
1.127784270773488655e-20
1.124957968028830475e-20
1.122142857728083630e-20
1.119338876955717404e-20
1.116545963258874901e-20
1.113764054643130590e-20
1.110993089568275523e-20
1.108233006944166657e-20
1.105483746126608671e-20
1.102745246913289960e-20
1.100017449539759237e-20
1.097300294675448196e-20
1.094593723419739600e-20
1.091897677298071187e-20
1.089212098258097352e-20
1.086536928665872493e-20
1.083872111302096053e-20
1.081217589358383888e-20
1.078573306433587484e-20
1.075939206530151390e-20
1.073315234050510978e-20
1.070701333793525112e-20
1.068097450950955300e-20
1.065503531103971344e-20
1.062919520219710989e-20
1.060345364647854782e-20
1.057781011117258852e-20
1.055226406732608460e-20
1.052681498971116676e-20
1.050146235679252866e-20
1.047620565069507726e-20
1.045104435717190067e-20
1.042597796557266491e-20
1.040100596881222572e-20
1.037612786333960754e-20
1.035134314910736322e-20
1.032665132954121348e-20
1.030205191150998737e-20
1.027754440529590882e-20
1.025312832456518103e-20
1.022880318633886433e-20
1.020456851096410906e-20
1.018042382208559920e-20
1.015636864661735253e-20
1.013240251471484577e-20
1.010852495974729024e-20
1.008473551827037695e-20
1.006103372999916612e-20
1.003741913778128665e-20
1.001389128757042751e-20
9.990449728400124036e-21
9.967094012357759365e-21
9.943823694558800610e-21
9.920638333121439790e-21
9.897537489141347585e-21
9.874520726666734057e-21
9.851587612673669659e-21
9.828737717041659024e-21
9.805970612529432934e-21
9.783285874750988545e-21
9.760683082151947092e-21
9.738161815985961248e-21
9.715721660291632552e-21
9.693362201869361129e-21
9.671083030258646803e-21
9.648883737715546684e-21
9.626763919190317832e-21
9.604723172305317213e-21
9.582761097333119822e-21
9.560877297174862504e-21
9.539071377338766825e-21
9.517342945918901184e-21
9.495691613574140024e-21
9.474116993507321662e-21
9.452618701444685974e-21
9.431196355615319613e-21
9.409849576731069154e-21
9.388577987966407609e-21
9.367381214938642484e-21
9.346258885688271295e-21
9.325210630659531180e-21
9.304236082681108002e-21
9.283334876947072651e-21
9.262506650998003925e-21
9.241751044702222745e-21
9.221067700237297212e-21
9.200456262071687590e-21
9.179916376946546272e-21
9.159447693857711835e-21
9.139049864037856574e-21
9.118722540938864244e-21
9.098465380214260462e-21
9.078278039701972624e-21
9.058160179407068759e-21
9.038111461484791293e-21
9.018131550223709667e-21
8.998220112029035475e-21
8.978376815406065477e-21
8.958601330943823235e-21
8.938893331298846695e-21
8.919252491179094633e-21
8.899678487328017111e-21
8.880170998508832060e-21
8.860729705488827452e-21
8.841354291023940313e-21
8.822044439843383894e-21
8.802799838634467431e-21
8.783620176027543794e-21
8.764505142581065482e-21
8.745454430766842224e-21
8.726467734955369309e-21
8.707544751401336466e-21
8.688685178229261632e-21
8.669888715419193929e-21
8.651155064792673939e-21
8.632483929998689458e-21
8.613875016499868988e-21
8.595328031558676730e-21
8.576842684223893462e-21
8.558418685317074839e-21
8.540055747419208311e-21
8.521753584857448286e-21
8.503511913692054404e-21
8.485330451703307258e-21
8.467208918378712992e-21
8.449147034900153739e-21
8.431144524131262249e-21
8.413201110604912370e-21
8.395316520510709530e-21
8.377490481682758078e-21
8.359722723587394005e-21
8.342012977311111780e-21
8.324360975548548343e-21
8.306766452590631120e-21
8.289229144312745588e-21
8.271748788163098445e-21
8.254325123151146986e-21
8.236957889836076623e-21
8.219646830315504101e-21
8.202391688214119029e-21
8.185192208672590222e-21
8.168048138336452480e-21
8.150959225345115248e-21
8.133925219321015720e-21
8.116945871358806542e-21
8.100020934014675938e-21
8.083150161295740040e-21
8.066333308649530023e-21
8.049570132953592083e-21
8.032860392505150610e-21
8.016203847010852612e-21
7.999600257576661091e-21
7.983049386697748434e-21
7.966550998248553792e-21
7.950104857472873573e-21
7.933710730974054241e-21
7.917368386705299478e-21
7.901077593960002914e-21
7.884838123362222296e-21
7.868649746857153663e-21
7.852512237701798105e-21
7.836425370455621001e-21
7.820388920971312076e-21
7.804402666385640237e-21
7.788466385110373115e-21
7.772579856823279363e-21
7.756742862459194147e-21
7.740955184201171902e-21
7.725216605471720346e-21
7.709526910924082633e-21
7.693885886433621828e-21
7.678293319089259550e-21
7.662748997184985321e-21
7.647252710211445677e-21
7.631804248847626555e-21
7.616403404952526653e-21
7.601049971556990286e-21
7.585743742855565819e-21
7.570484514198434813e-21
7.555272082083389328e-21
7.540106244147922062e-21
7.524986799161348101e-21
7.509913547016995871e-21
7.494886288724456775e-21
7.479904826401928116e-21
7.464968963268584612e-21
7.450078503637005575e-21
7.435233252905752561e-21
7.420433017551855234e-21
7.405677605123498846e-21
7.390966824232695177e-21
7.376300484548049762e-21
7.361678396787554700e-21
7.347100372711456696e-21
7.332566225115198827e-21
7.318075767822401431e-21
7.303628815677895659e-21
7.289225184540812693e-21
7.274864691277773781e-21
7.260547153756041147e-21
7.246272390836835919e-21
7.232040222368622951e-21
7.217850469180479906e-21
7.203702953075549096e-21
7.189597496824480292e-21
7.175533924158987884e-21
7.161512059765402030e-21
7.147531729278329632e-21
7.133592759274322847e-21
7.119694977265600249e-21
7.105838211693849254e-21
7.092022291924051097e-21
7.078247048238358491e-21
7.064512311830013896e-21
7.050817914797355063e-21
7.037163690137814559e-21
7.023549471742005054e-21
7.009975094387818156e-21
6.996440393734608998e-21
6.982945206317413942e-21
6.969489369541171278e-21
6.956072721675056285e-21
6.942695101846808766e-21
6.929356350037126785e-21
6.916056307074107047e-21
6.902794814627694313e-21
6.889571715204246660e-21
6.876386852141063138e-21
6.863240069600973105e-21
6.850131212567038418e-21
6.837060126837199951e-21
6.824026659018999339e-21
6.811030656524380475e-21
6.798071967564481974e-21
6.785150441144474781e-21
6.772265927058467482e-21
6.759418275884444718e-21
6.746607338979198833e-21
6.733832968473372860e-21
6.721095017266490718e-21
6.708393339022027283e-21
6.695727788162549178e-21
6.683098219864846532e-21
6.670504490055169313e-21
6.657946455404396705e-21
6.645423973323349424e-21
6.632936901958089245e-21
6.620485100185235083e-21
6.608068427607343766e-21
6.595686744548329184e-21
6.583339912048899486e-21
6.571027791862031904e-21
6.558750246448473894e-21
6.546507138972314253e-21
6.534298333296530908e-21
6.522123693978632001e-21
6.509983086266274390e-21
6.497876376092955138e-21
6.485803430073727073e-21
6.473764115500909826e-21
6.461758300339910719e-21
6.449785853224977937e-21
6.437846643455077834e-21
6.425940540989733120e-21
6.414067416444949818e-21
6.402227141089096077e-21
6.390419586838917150e-21
6.378644626255497715e-21
6.366902132540255033e-21
6.355191979531029167e-21
6.343514041698143093e-21
6.331868194140477119e-21
6.320254312581657648e-21
6.308672273366169207e-21
6.297121953455571048e-21
6.285603230424716757e-21
6.274115982457973868e-21
6.262660088345525472e-21
6.251235427479663553e-21
6.239841879851096624e-21
6.228479326045328825e-21
6.217147647239024730e-21
6.205846725196428323e-21
6.194576442265766171e-21
6.183336681375751412e-21
6.172127326032035078e-21
6.160948260313716097e-21
6.149799368869892678e-21
6.138680536916204664e-21
6.127591650231437573e-21
6.116532595154101821e-21
6.105503258579106724e-21
6.094503527954372826e-21
6.083533291277546525e-21
6.072592437092689886e-21
6.061680854487021604e-21
6.050798433087648945e-21
6.039945063058356854e-21
6.029120635096414377e-21
6.018325040429374306e-21
6.007558170811923980e-21
5.996819918522772957e-21
5.986110176361500802e-21
5.975428837645499678e-21
5.964775796206901134e-21
5.954150946389509659e-21
5.943554183045808466e-21
5.932985401533931419e-21
5.922444497714689877e-21
5.911931367948610825e-21
5.901445909093005096e-21
5.890988018499023561e-21
5.880557594008784778e-21
5.870154533952488361e-21
5.859778737145530596e-21
5.849430102885704318e-21
5.839108530950358167e-21
5.828813921593600978e-21
5.818546175543517461e-21
5.808305193999416224e-21
5.798090878629077051e-21
5.787903131566037293e-21
5.777741855406894818e-21
5.767606953208596659e-21
5.757498328485796881e-21
5.747415885208205417e-21
5.737359527797951200e-21
5.727329161126971624e-21
5.717324690514418559e-21
5.707346021724089941e-21
5.697393060961867382e-21
5.687465714873162812e-21
5.677563890540420782e-21
5.667687495480587679e-21
5.657836437642643370e-21
5.648010625405113296e-21
5.638209967573619680e-21
5.628434373378450791e-21
5.618683752472124196e-21
5.608958014926989876e-21
5.599257071232855917e-21
5.589580832294571318e-21
5.579929209429732928e-21
5.570302114366287067e-21
5.560699459240237962e-21
5.551121156593330621e-21
5.541567119370757014e-21
5.532037260918865273e-21
5.522531494982924559e-21
5.513049735704854572e-21
5.503591897620994178e-21
5.494157895659900136e-21
5.484747645140133777e-21
5.475361061768065751e-21
5.465998061635715369e-21
5.456658561218586193e-21
5.447342477373530960e-21
5.438049727336603719e-21
5.428780228720951087e-21
5.419533899514720060e-21
5.410310658078958296e-21
5.401110423145555024e-21
5.391933113815148855e-21
5.382778649555135647e-21
5.373646950197567283e-21
5.364537935937189634e-21
5.355451527329409045e-21
5.346387645288303211e-21
5.337346211084636567e-21
5.328327146343911036e-21
5.319330373044388188e-21
5.310355813515164064e-21
5.301403390434230457e-21
5.292473026826578321e-21
5.283564646062267327e-21
5.274678171854558614e-21
5.265813528258009927e-21
5.256970639666642969e-21
5.248149430812063365e-21
5.239349826761621250e-21
5.230571752916597432e-21
5.221815135010369245e-21
5.213079899106598970e-21
5.204365971597468153e-21
5.195673279201861508e-21
5.187001748963606499e-21
5.178351308249722699e-21
5.169721884748668143e-21
5.161113406468591692e-21
5.152525801735610235e-21
5.143958999192108448e-21
5.135412927795021259e-21
5.126887516814129851e-21
5.118382695830403556e-21
5.109898394734313161e-21
5.101434543724166788e-21
5.092991073304478113e-21
5.084567914284296982e-21
5.076164997775606223e-21
5.067782255191688366e-21
5.059419618245518696e-21
5.051077018948176360e-21
5.042754389607247955e-21
5.034451662825228849e-21
5.026168771498010280e-21
5.017905648813255853e-21
5.009662228248892395e-21
5.001438443571563190e-21
4.993234228835093258e-21
4.985049518378979451e-21
4.976884246826860246e-21
4.968738349085050982e-21
4.960611760341009136e-21
4.952504416061885360e-21
4.944416251993033898e-21
4.936347204156568133e-21
4.928297208849871007e-21
4.920266202644197212e-21
4.912254122383188121e-21
4.904260905181491284e-21
4.896286488423306204e-21
4.888330809760985778e-21
4.880393807113649780e-21
4.872475418665774267e-21
4.864575582865813333e-21
4.856694238424836668e-21
4.848831324315130249e-21
4.840986779768888057e-21
4.833160544276823309e-21
4.825352557586837603e-21
4.817562759702686311e-21
4.809791090882671808e-21
4.802037491638297575e-21
4.794301902732982491e-21
4.786584265180754813e-21
4.778884520244950668e-21
4.771202609436941884e-21
4.763538474514848779e-21
4.755892057482278527e-21
4.748263300587064273e-21
4.740652146320002749e-21
4.733058537413618968e-21
4.725482416840927161e-21
4.717923727814184939e-21
4.710382413783688837e-21
4.702858418436554806e-21
4.695351685695499464e-21
4.687862159717643910e-21
4.680389784893324314e-21
4.672934505844901749e-21
4.665496267425584822e-21
4.658075014718245521e-21
4.650670693034282470e-21
4.643283247912421733e-21
4.635912625117594364e-21
4.628558770639792876e-21
4.621221630692917952e-21
4.613901151713650712e-21
4.606597280360342301e-21
4.599309963511875632e-21
4.592039148266576031e-21
4.584784781941091040e-21
4.577546812069295041e-21
4.570325186401214200e-21
4.563119852901920560e-21
4.555930759750456227e-21
4.548757855338786148e-21
4.541601088270700481e-21
4.534460407360774892e-21
4.527335761633306782e-21
4.520227100321292887e-21
4.513134372865354220e-21
4.506057528912720441e-21
4.498996518316201443e-21
4.491951291133173983e-21
4.484921797624535957e-21
4.477907988253729145e-21
4.470909813685716814e-21
4.463927224785995924e-21
4.456960172619587519e-21
4.450008608450076775e-21
4.443072483738598120e-21
4.436151750142893339e-21
4.429246359516315504e-21
4.422356263906896102e-21
4.415481415556340694e-21
4.408621766899134409e-21
4.401777270561534593e-21
4.394947879360673297e-21
4.388133546303604091e-21
4.381334224586374456e-21
4.374549867593099686e-21
4.367780428895036786e-21
4.361025862249683944e-21
4.354286121599854439e-21
4.347561161072784384e-21
4.340850934979234469e-21
4.334155397812587924e-21
4.327474504247961293e-21
4.320808209141333991e-21
4.314156467528653059e-21
4.307519234624977019e-21
4.300896465823588899e-21
4.294288116695149875e-21
4.287694142986828087e-21
4.281114500621453037e-21
4.274549145696657951e-21
4.267998034484052224e-21
4.261461123428354759e-21
4.254938369146598011e-21
4.248429728427256056e-21
4.241935158229456913e-21
4.235454615682135436e-21
4.228988058083232852e-21
4.222535442898881246e-21
4.216096727762588808e-21
4.209671870474460425e-21
4.203260829000370894e-21
4.196863561471206581e-21
4.190480026182029602e-21
4.184110181591347318e-21
4.177753986320305105e-21
4.171411399151892660e-21
4.165082379030228542e-21
4.158766885059721346e-21
4.152464876504372304e-21
4.146176312786983094e-21
4.139901153488410295e-21
4.133639358346812320e-21
4.127390887256911392e-21
4.121155700269248750e-21
4.114933757589443621e-21
4.108725019577464974e-21
4.102529446746907041e-21
4.096346999764247531e-21
4.090177639448155505e-21
4.084021326768742059e-21
4.077878022846870459e-21
4.071747688953442188e-21
4.065630286508689771e-21
4.059525777081470347e-21
4.053434122388575045e-21
4.047355284294048888e-21
4.041289224808462555e-21
4.035235906088274410e-21
4.029195290435115807e-21
4.023167340295125288e-21
4.017152018258264728e-21
4.011149287057670085e-21
4.005159109568958515e-21
3.999181448809575367e-21
3.993216267938144929e-21
3.987263530253798609e-21
3.981323199195528699e-21
3.975395238341544391e-21
3.969479611408609737e-21
3.963576282251432767e-21
3.957685214861989162e-21
3.951806373368909109e-21
3.945939722036858905e-21
3.940085225265867626e-21
3.934242847590755370e-21
3.928412553680481001e-21
3.922594308337525245e-21
3.916788076497288088e-21
3.910993823227470370e-21
3.905211513727465164e-21
3.899441113327751403e-21
3.893682587489307079e-21
3.887935901802987830e-21
3.882201021988950659e-21
3.876477913896051335e-21
