5.943001616130904389e-21
5.942673309656580316e-21
5.942339637258870173e-21
5.942000557143302903e-21
5.941656009551931598e-21
5.941305917597332638e-21
5.940950188223815507e-21
5.940588713305770109e-21
5.940221370879314769e-21
5.939848026492519067e-21
5.939468534654467513e-21
5.939082740358694211e-21
5.938690480656092093e-21
5.938291586252419154e-21
5.937885883106568275e-21
5.937473194008234866e-21
5.937053340115757640e-21
5.936626142437659771e-21
5.936191423244323204e-21
5.935749007398699413e-21
5.935298723597578022e-21
5.934840405517207424e-21
5.934373892859538920e-21
5.933899032296480079e-21
5.933415678312124967e-21
5.932923693943706038e-21
5.932422951423018337e-21
5.931913332722054254e-21
5.931394730005952913e-21
5.930867045998094793e-21
5.930330194261978133e-21
5.929784099405341171e-21
5.929228697211364617e-21
5.928663934702958594e-21
5.928089770145185848e-21
5.927506172991376335e-21
5.926913123778288925e-21
5.926310613975120748e-21
5.925698645791722943e-21
5.925077231950349370e-21
