1.791330060452573452e-20
1.790392263314729761e-20
1.789067805317367456e-20
1.787399160609485078e-20
1.785429509257055663e-20
1.783209909246007595e-20
1.780787048580437383e-20
1.778201267305984178e-20
1.775486537861982386e-20
1.772670591939447615e-20
1.769775312473703705e-20
1.766817401515854605e-20
1.763809191255674516e-20
1.760759468978024003e-20
1.757674236224531513e-20
1.754557365960993075e-20
1.751411148988031048e-20
1.748236735381147639e-20
1.745034483220321835e-20
1.741804228832315417e-20
1.738545492425633457e-20
1.735257631607343585e-20
1.731939953512883122e-20
1.728591794504582687e-20
1.725212574763952113e-20
1.721801833682727703e-20
1.718359250757734567e-20
1.714884655703679950e-20
1.711378030690401626e-20
1.707839506960867208e-20
1.704269357567076166e-20
1.700667987549313015e-20
1.697035922559793188e-20
1.693373796677773122e-20
1.689682339965100653e-20
1.685962366157979525e-20
1.682214760772572904e-20
1.678440469812024561e-20
1.674640489193950883e-20
1.670815854966391461e-20
1.666967634341878456e-20
1.663096917551923236e-20
1.659204810504178260e-20
1.655292428211010331e-20
1.651360888949106603e-20
1.647411309104168179e-20
1.643444798651907186e-20
1.639462457225447689e-20
1.635465370719683098e-20
1.631454608384528180e-20
1.627431220360987810e-20
1.623396235616554951e-20
1.619350660239107861e-20
1.615295476051382247e-20
1.611231639511021818e-20
1.607160080864003577e-20
1.603081703522058099e-20
1.598997383637292692e-20
1.594907969849759460e-20
1.590814283186001825e-20
1.586717117088783666e-20
1.582617237560272577e-20
1.578515383402640583e-20
1.574412266541936939e-20
1.570308572422426505e-20
1.566204960460111635e-20
1.562102064545387862e-20
1.558000493585920813e-20
1.553900832081864911e-20
1.549803640726523912e-20
1.545709457026307148e-20
1.541618795934702637e-20
1.537532150495525946e-20
1.533449992491441892e-20
1.529372773094215364e-20
1.525300923513615506e-20
1.521234855642420784e-20
1.517174962695233401e-20
1.513121619839237002e-20
1.509075184815292830e-20
1.505035998548054170e-20
1.501004385743982041e-20
1.496980655476379823e-20
1.492965101756758286e-20
1.488958004091947543e-20
1.484959628026569526e-20
1.480970225670575470e-20
1.476990036211657938e-20
1.473019286412472362e-20
1.469058191092609442e-20
1.465106953595434240e-20
1.461165766239851273e-20
1.457234810757202918e-20
1.453314258713468768e-20
1.449404271917045789e-20
1.445505002812335877e-20
1.441616594859486880e-20
1.437739182900532647e-20
1.433872893512325405e-20
