5.948258926990675631e-21
5.945984085748129094e-21
5.943001616130904389e-21
5.939468534654466009e-21
5.935298723597578022e-21
5.930330194261978133e-21
5.924446395425495824e-21
5.917631531708556951e-21
5.909962724374504653e-21
5.901576614650845388e-21
5.892635368800643539e-21
5.883301350565294395e-21
5.873721488747015722e-21
5.864019416720045895e-21
5.854292956180175497e-21
5.844614886138130129e-21
5.835035497073943300e-21
5.825585931994848734e-21
5.816281697439654944e-21
5.807125992970628513e-21
5.798112681801242324e-21
5.789228833583510552e-21
5.780456834090365873e-21
5.771776091154101318e-21
5.763164382620101827e-21
5.754598897515501081e-21
5.746057020838021575e-21
5.737516908312335769e-21
5.728957891961636736e-21
5.720360751466268243e-21
5.711707880622303492e-21
5.702983373068606509e-21
5.694173046944067103e-21
5.685264424284820838e-21
5.676246677741478718e-21
5.667110554524542625e-21
5.657848285301649153e-21
5.648453484000479694e-21
5.638921043049545738e-21
5.629247027455243790e-21
5.619428570215733621e-21
5.609463770867112115e-21
5.599351598406518704e-21
5.589091799411441926e-21
5.578684811848107925e-21
5.568131684814467106e-21
5.557434004279043068e-21
5.546593824741214893e-21
5.535613606641089450e-21
5.524496159280395140e-21
5.513244588971325277e-21
5.501862252103205957e-21
5.490352712804441053e-21
5.478719704872515073e-21
5.466967097649869877e-21
5.455098865531536832e-21
5.443119060803754326e-21
5.431031789527457208e-21
5.418841190197244181e-21
5.406551414923514289e-21
5.394166612902984341e-21
5.381690915960098611e-21
5.369128425958399917e-21
5.356483203897382037e-21
5.343759260525364225e-21
5.330960548313602474e-21
5.318090954650269005e-21
5.305154296125729119e-21
5.292154313792039926e-21
5.279094669290610148e-21
5.265978941751965992e-21
5.252810625380506346e-21
5.239593127645734084e-21
5.226329768009195298e-21
5.213023777123049452e-21
5.199678296442831819e-21
5.186296378202897127e-21
5.172880985707771379e-21
5.159434993898186427e-21
5.145961190154127306e-21
5.132462275301815241e-21
5.118940864794594597e-21
5.105399490041277608e-21
5.091840599858046543e-21
5.078266562023060588e-21
5.064679664914685716e-21
5.051082119217015490e-21
5.037476059677810263e-21
5.023863546905853994e-21
5.010246569196269403e-21
4.996627044373763827e-21
4.983006821644835167e-21
4.969387683451408747e-21
4.955771347318904013e-21
4.942159467693162442e-21
4.928553637760979462e-21
4.914955391250053757e-21
4.901366204204550979e-21
4.887787496733200395e-21
4.874220634727358308e-21
4.860666931546629344e-21
4.847127649670601897e-21
4.833604002314982461e-21
4.820097155011089903e-21
4.806608227147995711e-21
4.793138293476458621e-21
4.779688385574520433e-21
4.766259493274365824e-21
4.752852566050498793e-21
4.739468514369371926e-21
4.726108211000565519e-21
4.712772492290000306e-21
4.699462159395497502e-21
4.686177979485260180e-21
4.672920686899765740e-21
4.659690984277842105e-21
4.646489543647430179e-21
4.633317007481822512e-21
4.620173989722195175e-21
4.607061076767028694e-21
4.593978828429405068e-21
4.580927778862758660e-21
4.567908437456142474e-21
4.554921289699577821e-21
4.541966798020479674e-21
4.529045402591885205e-21
4.516157522113333369e-21
4.503303554565160629e-21
4.490483877937074992e-21
4.477698850931690690e-21
4.464948813643927056e-21
4.452234088216929854e-21
4.439554979475288457e-21
4.426911775536344071e-21
4.414304748400176551e-21
4.401734154519147781e-21
4.389200235347509413e-21
4.376703217871878461e-21
4.364243315123152480e-21
4.351820726670548220e-21
4.339435639098341506e-21
4.327088226465958361e-21
4.314778650751951511e-21
4.302507062282425758e-21
4.290273600144562222e-21
4.278078392585603318e-21
4.265921557397982321e-21
4.253803202290984209e-21
4.241723425249459898e-21
4.229682314880100922e-21
4.217679950745618369e-21
4.205716403687412134e-21
4.193791736137017110e-21
4.181906002416804049e-21
4.170059249030324030e-21
4.158251514942639605e-21
4.146482831851075186e-21
4.134753224446641724e-21
4.123062710666599851e-21
4.111411301938350320e-21
4.099799003415084322e-21
4.088225814203433675e-21
4.076691727583427818e-21
4.065196731221042000e-21
4.053740807373608239e-21
4.042323933088343344e-21
4.030946080394228711e-21
4.019607216487542826e-21
4.008307303911193936e-21
3.997046300728131229e-21
3.985824160689039919e-21
3.974640833394507555e-21
3.963496264451883493e-21
3.952390395626985755e-21
3.941323164990880205e-21
3.930294507061882530e-21
3.919304352942942495e-21
3.908352630454594047e-21
3.897439264263612698e-21
3.886564176007532919e-21
3.875727284415169976e-21
3.864928505423284640e-21
3.854167752289499105e-21
3.843444935701649184e-21
3.832759963883621686e-21
3.822112742697864289e-21
3.811503175744601029e-21
3.800931164457957265e-21
3.790396608199021220e-21
3.779899404345958693e-21
3.769439448381324639e-21
3.759016633976586671e-21
3.748630853074016201e-21
3.738281995966002148e-21
3.727969951371873725e-21
3.717694606512312053e-21
3.707455847181427335e-21
3.697253557816584352e-21
3.687087621566034953e-21
3.676957920354419231e-21
3.666864334946247487e-21
3.656806745007348677e-21
3.646785029164429046e-21
3.636799065062735673e-21
3.626848729421924990e-21
3.616933898090167874e-21
3.607054446096564277e-21
3.597210247701880202e-21
3.587401176447722104e-21
3.577627105204135200e-21
3.567887906215692628e-21
3.558183451146141660e-21
3.548513611121630297e-21
3.538878256772542835e-21
3.529277258274026391e-21
3.519710485385214424e-21
3.510177807487181853e-21
3.500679093619710751e-21
3.491214212516852347e-21
3.481783032641353022e-21
3.472385422217961611e-21
3.463021249265672179e-21
3.453690381628891738e-21
3.444392687007624683e-21
3.435128032986639347e-21
3.425896287063714472e-21
3.416697316676906916e-21
3.407530989230966234e-21
3.398397172122847982e-21
3.389295732766380670e-21
3.380226538616112306e-21
3.371189457190354228e-21
3.362184356093464712e-21
3.353211103037350173e-21
3.344269565862249790e-21
3.335359612556828746e-21
3.326481111277553761e-21
3.317633930367412603e-21
3.308817938373995636e-21
3.300033004066935646e-21
3.291278996454735648e-21
3.282555784801019302e-21
3.273863238640184356e-21
3.265201227792535492e-21
3.256569622378818325e-21
3.247968292834290352e-21
3.239397109922237449e-21
3.230855944747031442e-21
3.222344668766659569e-21
3.213863153804848052e-21
3.205411272062679370e-21
3.196988896129813057e-21
3.188595898995253231e-21
3.180232154057718896e-21
3.171897535135597093e-21
3.163591916476528535e-21
3.155315172766599410e-21
3.147067179139167557e-21
3.138847811183343705e-21
3.130656944952114232e-21
3.122494456970135915e-21
3.114360224241201169e-21
3.106254124255392569e-21
3.098176034995916147e-21
3.090125834945663842e-21
3.082103403093438170e-21
3.074108618939960597e-21
3.066141362503543627e-21
3.058201514325533814e-21
3.050288955475478668e-21
3.042403567556067872e-21
3.034545232707784476e-21
3.026713833613363123e-21
3.018909253502001519e-21
3.011131376153332662e-21
3.003380085901193195e-21
2.995655267637184869e-21
2.987956806814013705e-21
2.980284589448631286e-21
2.972638502125193621e-21
2.965018431997795058e-21
2.957424266793068295e-21
2.949855894812552669e-21
2.942313204934908975e-21
2.934796086617961630e-21
2.927304429900577958e-21
2.919838125404364290e-21
2.912397064335217613e-21
2.904981138484729397e-21
2.897590240231409606e-21
2.890224262541796376e-21
2.882883098971392260e-21
2.875566643665479373e-21
2.868274791359785940e-21
2.861007437381023073e-21
2.853764477647283500e-21
2.846545808668328199e-21
2.839351327545730839e-21
2.832180931972898473e-21
2.825034520234995926e-21
2.817911991208723113e-21
2.810813244362006210e-21
2.803738179753545139e-21
2.796686698032292962e-21
2.789658700436786697e-21
2.782654088794399517e-21
2.775672765520495518e-21
2.768714633617456979e-21
2.761779596673637886e-21
2.754867558862219664e-21
2.747978424939962324e-21
2.741112100245875128e-21
2.734268490699799218e-21
2.727447502800881171e-21
2.720649043626001408e-21
2.713873020828077345e-21
2.707119342634318771e-21
2.700387917844371131e-21
2.693678655828420065e-21
2.686991466525178585e-21
2.680326260439836639e-21
2.673682948641909483e-21
2.667061442763030009e-21
2.660461654994671864e-21
2.653883498085796950e-21
2.647326885340453281e-21
2.640791730615275037e-21
2.634277948316967944e-21
2.627785453399685572e-21
2.621314161362383063e-21
2.614863988246092237e-21
2.608434850631133888e-21
2.602026665634309010e-21
2.595639350905993725e-21
2.589272824627209014e-21
2.582927005506634394e-21
2.576601812777568185e-21
2.570297166194842636e-21
2.564012986031688649e-21
2.557749193076565138e-21
2.551505708629932346e-21
2.545282454500995821e-21
2.539079353004392834e-21
2.532896326956860752e-21
2.526733299673842204e-21
2.520590194966078597e-21
2.514466937136152093e-21
2.508363450974994483e-21
2.502279661758371614e-21
2.496215495243323803e-21
2.490170877664593087e-21
2.484145735731000069e-21
2.478139996621810979e-21
2.472153587983075024e-21
2.466186437923926376e-21
2.460238475012871866e-21
2.454309628274052726e-21
2.448399827183487143e-21
2.442509001665292879e-21
2.436637082087882807e-21
2.430783999260148035e-21
2.424949684427638391e-21
2.419134069268696655e-21
2.413337085890602172e-21
2.407558666825708473e-21
2.401798745027529714e-21
2.396057253866863998e-21
2.390334127127871921e-21
2.384629299004173556e-21
2.378942704094900673e-21
2.373274277400794473e-21
2.367623954320245397e-21
2.361991670645365655e-21
2.356377362558041825e-21
2.350780966625986316e-21
2.345202419798794860e-21
2.339641659403997224e-21
2.334098623143103409e-21
2.328573249087678443e-21
2.323065475675374287e-21
2.317575241706013652e-21
2.312102486337641090e-21
2.306647149082613205e-21
2.301209169803648994e-21
2.295788488709952783e-21
2.290385046353273971e-21
2.284998783624032223e-21
2.279629641747423857e-21
2.274277562279551178e-21
2.268942487103548799e-21
2.263624358425744194e-21
2.258323118771817124e-21
2.253038710982971099e-21
2.247771078212130419e-21
2.242520163920144360e-21
2.237285911872013180e-21
2.232068266133128417e-21
2.226867171065528236e-21
2.221682571324179104e-21
2.216514411853268751e-21
2.211362637882529223e-21
2.206227194923563324e-21
2.201108028766207539e-21
2.196005085474913016e-21
2.190918311385150627e-21
2.185847653099825799e-21
2.180793057485737361e-21
2.175754471670039781e-21
2.170731843036758431e-21
2.165725119223286053e-21
2.160734248116952947e-21
2.155759177851588134e-21
2.150799856804125656e-21
2.145856233591232692e-21
2.140928257065956490e-21
2.136015876314417177e-21
2.131119040652514874e-21
2.126237699622666148e-21
2.121371802990578452e-21
2.116521300742043381e-21
2.111686143079767160e-21
2.106866280420235743e-21
2.102061663390585928e-21
2.097272242825543053e-21
2.092497969764357566e-21
2.087738795447798766e-21
2.082994671315157201e-21
2.078265549001291071e-21
2.073551380333715141e-21
2.068852117329692288e-21
2.064167712193385604e-21
2.059498117313037210e-21
2.054843285258160237e-21
2.050203168776791742e-21
2.045577720792761800e-21
2.040966894403000584e-21
2.036370642874878556e-21
2.031788919643577118e-21
2.027221678309496880e-21
2.022668872635701294e-21
2.018130456545393758e-21
2.013606384119413906e-21
2.009096609593792960e-21
2.004601087357319605e-21
2.000119771949163050e-21
1.995652618056502100e-21
1.991199580512216674e-21
1.986760614292591361e-21
1.982335674515067495e-21
