4.732319943462737377e-20
4.718395180325452541e-20
4.701112827795537605e-20
4.680986630855219155e-20
4.658603724217530335e-20
4.634697796793589299e-20
4.609825840229326893e-20
4.584383496952484081e-20
4.558656749504113445e-20
4.532851235069505376e-20
4.507109999139097142e-20
4.481527666033012343e-20
4.456162739799883265e-20
4.431047889965985991e-20
4.406198075232503354e-20
4.381616651297396382e-20
4.357299783526217289e-20
4.333239527905576736e-20
4.309425913086120939e-20
4.285848298005328756e-20
4.262496218146196853e-20
4.239359879443551397e-20
4.216430415265690548e-20
4.193699988480114965e-20
4.171161795803803318e-20
4.148810013639853535e-20
4.126639711768117394e-20
4.104646752237040577e-20
4.082827684547420132e-20
4.061179643935884780e-20
4.039700256677278262e-20
4.018387554410601038e-20
3.997239898253576397e-20
3.976255912692916778e-20
3.955434428772440602e-20
3.934774435845392113e-20
3.914275041038139578e-20
3.893935435540636705e-20
3.873754866861720225e-20
3.853732616240012384e-20
3.833867980471734924e-20
3.814160257492663079e-20
3.794608735128095893e-20
3.775212682498832596e-20
3.755971343638846603e-20
3.736883932942613420e-20
3.717949632115456550e-20
3.699167588348892579e-20
3.680536913485810954e-20
3.662056683977460151e-20
3.643725941465779068e-20
3.625543693852436810e-20
3.607508916739093047e-20
3.589620555143178916e-20
3.571877525410751099e-20
3.554278717261712065e-20
3.536822995915141774e-20
3.519509204252296959e-20
3.502336164983368976e-20
3.485302682791201522e-20
3.468407546430836542e-20
3.451649530768993995e-20
3.435027398751150491e-20
3.418539903287616936e-20
3.402185789052506957e-20
3.385963794191656995e-20
3.369872651937593795e-20
3.353911092130858369e-20
3.338077842648151656e-20
3.322371630738837825e-20
3.306791184271896042e-20
3.291335232895948398e-20
3.276002509115443683e-20
3.260791749286342105e-20
3.245701694534768824e-20
3.230731091602333492e-20
3.215878693621696230e-20
3.201143260826180119e-20
3.186523561196965519e-20
3.172018371051507406e-20
3.157626475576626159e-20
3.143346669309684307e-20
3.129177756571047475e-20
3.115118551851034406e-20
3.101167880154264812e-20
3.087324577304338474e-20
3.073587490211502800e-20
3.059955477105882333e-20
3.046427407738755887e-20
3.033002163554132833e-20
3.019678637832824689e-20
3.006455735811056531e-20
2.993332374775508626e-20
2.980307484136654637e-20
2.967380005482022618e-20
2.954548892611005591e-20
2.941813111552687238e-20
2.929171640568068148e-20
2.916623470138005890e-20
