1.065278847175011029e-19
1.055447502007981184e-19
1.043876364528172665e-19
1.030583936987469113e-19
1.015736943934870488e-19
9.996816360694656119e-20
9.826923071494721641e-20
9.650090719121602776e-20
9.468683614760151614e-20
9.284973365390458712e-20
9.100998817745967778e-20
8.918474889823663319e-20
8.738766146254440076e-20
8.562904820697863867e-20
8.391631540490017444e-20
8.225443821835809727e-20
8.064643828775319353e-20
7.909381261993483294e-20
7.759689844015337544e-20
7.615517273612556747e-20
7.476749203143910065e-20
7.343228061105849141e-20
7.214767590784004815e-20
7.091163917023300494e-20
6.972203849729633274e-20
6.857671018315903862e-20
6.747350322505109766e-20
6.641031088857582243e-20
6.538509241217870311e-20
6.439588726556689015e-20
6.344082383882750106e-20
6.251812401094530071e-20
6.162610470927466452e-20
6.076317730797889917e-20
5.992784550867130573e-20
5.911870218816188585e-20
5.833442557631145846e-20
5.757377503349912075e-20
5.683558662576316105e-20
5.611876864129262620e-20
5.542229715071459600e-20
5.474521168250703777e-20
5.408661106152399421e-20
5.344564944120423330e-20
5.282153254717302029e-20
5.221351414052887441e-20
5.162089270231057836e-20
5.104300833584244557e-20
5.047923988032617035e-20
4.992900222686059033e-20
4.939174382669681004e-20
4.886694438078553386e-20
4.835411269936293015e-20
4.785278472033145353e-20
4.736252167543167412e-20
4.688290839358748010e-20
4.641355173129503831e-20
4.595407912047649724e-20
4.550413722479871213e-20
4.506339069604215292e-20
4.463152102269449021e-20
4.420822546350524473e-20
4.379321605928725688e-20
4.338621871676205576e-20
4.298697235874067719e-20
4.259522813538093841e-20
4.221074869169025690e-20
4.183330748683766395e-20
4.146268816120128581e-20
4.109868394741442277e-20
4.074109712198292528e-20
4.038973849433032830e-20
4.004442693038761472e-20
3.970498890808407626e-20
3.937125810231371374e-20
3.904307499715127705e-20
3.872028652327742202e-20
3.840274571873586466e-20
3.809031141130297212e-20
3.778284792088555052e-20
3.748022478049415492e-20
3.718231647445365278e-20
3.688900219261975794e-20
3.660016559947046637e-20
3.631569461702621668e-20
3.603548122063876544e-20
3.575942124676084531e-20
3.548741421187787525e-20
3.521936314184626456e-20
3.495517441093995674e-20
3.469475758995982180e-20
3.443802530280780560e-20
3.418489309097440037e-20
3.393527928542707877e-20
3.368910488542448042e-20
3.344629344381774429e-20
3.320677095842929368e-20
3.297046576913138673e-20
3.273730846027084387e-20
