9.450448796488025768e-20
9.378307965601051020e-20
9.292441461064383315e-20
9.194789607097436200e-20
9.087189232253498040e-20
8.972119307909179826e-20
8.851375161412491270e-20
8.726448295433832041e-20
8.598784264791220669e-20
8.469772580438882693e-20
8.340665614197159283e-20
8.212521474475319592e-20
8.086185571629331049e-20
7.962299892813631291e-20
7.841326879086856178e-20
7.723578619467104246e-20
7.609245961643787726e-20
7.498424852494557423e-20
7.391138862368137972e-20
7.287357748437193600e-20
7.187012357911673927e-20
7.090006354961093543e-20
6.996225296353596972e-20
6.905543551313577364e-20
6.817829501245844439e-20
6.732949386516925078e-20
6.650770101372959558e-20
6.571161179188639709e-20
6.493996160173087639e-20
6.419153492332118188e-20
6.346517083049953973e-20
6.275976591988677725e-20
6.207427534957346424e-20
6.140771251927332431e-20
6.075914779551041014e-20
6.012770658621173616e-20
5.951256699262842830e-20
5.891295720784236174e-20
5.832815278627213313e-20
5.775747387443241592e-20
5.720028246731387745e-20
5.665597973520014391e-20
5.612400345108025117e-20
5.560382553787536407e-20
5.509494974662430235e-20
5.459690947086029974e-20
5.410926569814982153e-20
5.363160509675046219e-20
5.316353823326661953e-20
5.270469791580541458e-20
5.225473765628314425e-20
5.181333024505917863e-20
5.138016643088660483e-20
5.095495369917605146e-20
5.053741514172078860e-20
5.012728841127491274e-20
4.972432475468421972e-20
4.932828811861585542e-20
4.893895432229162308e-20
4.855611029200292633e-20
4.817955335254737230e-20
4.780909057108405992e-20
4.744453814924280836e-20
4.708572085964598595e-20
4.673247152330719706e-20
4.638463052465139755e-20
4.604204536117027822e-20
4.570457022496757553e-20
4.537206561367992367e-20
4.504439796846295059e-20
4.472143933692896410e-20
4.440306705909573313e-20
4.408916347456812912e-20
4.377961564932438003e-20
4.347431512061085653e-20
4.317315765857562101e-20
4.287604304338422036e-20
4.258287485666250176e-20
4.229356028620805659e-20
4.200800994299704785e-20
4.172613768959263321e-20
4.144786047913239475e-20
4.117309820413932952e-20
4.090177355445990641e-20
4.063381188368803508e-20
4.036914108348588941e-20
4.010769146525469345e-20
3.984939564865495692e-20
3.959418845651183039e-20
3.934200681567692861e-20
3.909278966345048193e-20
3.884647785919887049e-20
3.860301410082641653e-20
3.836234284578961503e-20
3.812441023636151845e-20
3.788916402887711505e-20
3.765655352670886037e-20
3.742652951674123213e-20
3.719904420912622725e-20
