8.306142065397921483e-20
8.245666202576188229e-20
8.173582257088318357e-20
8.091154344958564407e-20
7.999829923629895948e-20
7.901707883813211487e-20
7.798340345689999766e-20
7.691045939518598811e-20
7.581121695993462767e-20
7.469824352972354225e-20
7.358292763700035683e-20
7.247493824188777982e-20
7.138204121331998188e-20
7.031017096652013170e-20
6.926363785400029228e-20
6.824538666088698557e-20
6.725725666585592465e-20
6.630021831665905763e-20
6.537457651833300818e-20
6.448013881053734770e-20
6.361635085510456198e-20
6.278240340433409472e-20
6.197731536373328145e-20
6.119999734705960557e-20
6.044929961547480139e-20
5.972404769702916690e-20
5.902306839993515540e-20
5.834520840983875292e-20
5.768934721385617196e-20
5.705440572316157043e-20
5.643935166465997357e-20
5.584320257123311032e-20
5.526502700926043849e-20
5.470394453233061016e-20
5.415912473324293124e-20
5.362978567575191189e-20
5.311519191749682850e-20
5.261465228169649277e-20
5.212751749391404302e-20
5.165317776868255689e-20
5.119106040682804317e-20
5.074062744619226600e-20
5.030137339481096739e-20
4.987282306539722672e-20
4.945452952239934338e-20
4.904607214734293304e-20
4.864705482412804170e-20
4.825710424307763161e-20
4.787586832053419626e-20
4.750301472945577687e-20
4.713822953561260152e-20
4.678121593349284301e-20
4.643169307580322148e-20
4.608939499041524046e-20
4.575406957870917287e-20
4.542547768946465917e-20
4.510339226270117753e-20
4.478759753816571685e-20
4.447788832348258770e-20
4.417406931729845174e-20
4.387595448308162580e-20
4.358336646954582676e-20
4.329613607397292859e-20
4.301410174499431663e-20
4.273710912166612071e-20
4.246501060592270413e-20
4.219766496573568703e-20
4.193493696652120417e-20
4.167669702854467715e-20
4.142282090825883514e-20
4.117318940168366082e-20
4.092768806809657360e-20
4.068620697244461989e-20
4.044864044502683836e-20
4.021488685711263024e-20
3.998484841127821853e-20
3.975843094534177372e-20
3.953554374887111836e-20
3.931609939132563148e-20
3.910001356096774258e-20
3.888720491375325842e-20
3.867759493147281615e-20
3.847110778847621912e-20
3.826767022636609622e-20
3.806721143609489620e-20
3.786966294694631710e-20
3.767495852192147597e-20
3.748303405908924421e-20
3.729382749849394410e-20
3.710727873424423620e-20
3.692332953143855849e-20
3.674192344760502963e-20
3.656300575836167250e-20
3.638652338702210995e-20
3.621242483789438767e-20
3.604066013303755146e-20
3.587118075225883641e-20
3.570393957615066564e-20
3.553889083197816375e-20
3.537599004224589770e-20
3.521519397578063444e-20
3.505646060118029009e-20
3.489974904248967538e-20
3.474501953697230900e-20
3.459223339485740438e-20
3.444135296094912248e-20
3.429234157799129169e-20
3.414516355169137643e-20
3.399978411730909547e-20
3.385616940772595994e-20
3.371428642291314474e-20
3.357410300072432768e-20
3.343558778894143621e-20
3.329871021850801886e-20
3.316344047788796170e-20
3.302974948849121204e-20
3.289760888111270378e-20
3.276699097333190058e-20
3.263786874782583763e-20
3.251021583154984301e-20
3.238400647574338764e-20
3.225921553672061329e-20
3.213581845740822364e-20
3.201379124959461533e-20
3.189311047685676779e-20
3.177375323813309600e-20
3.165569715191261288e-20
3.153892034101131372e-20
3.142340141791014373e-20
3.130911947062824776e-20
3.119605404910814416e-20
3.108418515208989236e-20
3.097349321445321315e-20
3.086395909500659336e-20
3.075556406470466911e-20
3.064828979527553726e-20
3.054211834824020428e-20
3.043703216430845811e-20
3.033301405313494905e-20
3.023004718342066225e-20
3.012811507334609535e-20
3.002720158132256375e-20
2.992729089704812781e-20
2.982836753285727845e-20
2.973041631535173642e-20
2.963342237730189275e-20
2.953737114980797898e-20
2.944224835471139767e-20
2.934803999724621025e-20
2.925473235892191709e-20
2.916231199062871259e-20
2.907076570595695779e-20
2.898008057472269741e-20
2.889024391669184862e-20
2.880124329549585132e-20
2.871306651273135301e-20
2.862570160223772931e-20
2.853913682454606029e-20
2.845336066149302669e-20
2.836836181099411657e-20
2.828412918197095454e-20
2.820065188942636790e-20
2.811791924966303683e-20
2.803592077564020969e-20
2.795464617246387930e-20
2.787408533300574367e-20
2.779422833364685868e-20
2.771506543014146285e-20
2.763658705359686330e-20
2.755878380656603095e-20
2.748164645924845683e-20
2.740516594579619447e-20
2.732933336072134446e-20
2.725413995540164120e-20
2.717957713468136705e-20
2.710563645356372418e-20
2.703230961399243107e-20
2.695958846171923357e-20
2.688746498325482977e-20
2.681593130290027474e-20
2.674497967985662304e-20
2.667460250540997452e-20
2.660479230018996420e-20
2.653554171149894275e-20
2.646684351071006026e-20
2.639869059073177339e-20
2.633107596353684119e-20
2.626399275775403391e-20
2.619743421632012652e-20
2.613139369419082865e-20
2.606586465610862875e-20
2.600084067442586435e-20
2.593631542698117364e-20
2.587228269502807353e-20
2.580873636121392792e-20
2.574567040760755768e-20
2.568307891377461072e-20
2.562095605489845624e-20
2.555929609994638037e-20
2.549809340987859480e-20
2.543734243589952238e-20
2.537703771774999991e-20
2.531717388203913081e-20
2.525774564061450612e-20
2.519874778897013742e-20
2.514017520469048008e-20
2.508202284592994157e-20
2.502428574992668049e-20
2.496695903154968201e-20
2.491003788187838150e-20
2.485351756681370194e-20
2.479739342571983694e-20
2.474166087009560889e-20
2.468631538227515530e-20
2.463135251415645398e-20
2.457676788595750933e-20
2.452255718499903218e-20
2.446871616451324311e-20
2.441524064247774896e-20
2.436212650047423069e-20
2.430936968257085638e-20
2.425696619422812127e-20
2.420491210122737167e-20
2.415320352862126950e-20
2.410183665970620325e-20
2.405080773501511699e-20
2.400011305133115731e-20
2.394974896072116950e-20
2.389971186958847402e-20
2.384999823774471573e-20
2.380060457750005460e-20
2.375152745277133672e-20
2.370276347820805618e-20
2.365430931833484379e-20
2.360616168671138543e-20
2.355831734510802474e-20
2.351077310269759479e-20
2.346352581526255483e-20
2.341657238441739308e-20
2.336990975684581401e-20
2.332353492355216249e-20
2.327744491912716900e-20
2.323163682102729074e-20
2.318610774886761544e-20
2.314085486372765998e-20
2.309587536747030431e-20
2.305116650207312066e-20
2.300672554897173072e-20
2.296254982841550983e-20
2.291863669883475955e-20
2.287498355621930632e-20
2.283158783350845414e-20
2.278844699999167429e-20
2.274555856072008628e-20
2.270292005592848628e-20
2.266052906046744453e-20
2.261838318324545972e-20
2.257648006668104402e-20
2.253481738616420589e-20
2.249339284952749052e-20
2.245220419652603882e-20
2.241124919832678274e-20
2.237052565700638838e-20
2.233003140505775152e-20
2.228976430490504542e-20
2.224972224842703214e-20
2.220990315648831823e-20
2.217030497847873247e-20
2.213092569186034420e-20
2.209176330172217320e-20
2.205281584034232051e-20
2.201408136675734557e-20
2.197555796633898892e-20
2.193724375037768383e-20
2.189913685567317583e-20
2.186123544413165726e-20
2.182353770236972390e-20
2.178604184132469611e-20
2.174874609587130459e-20
2.171164872444468061e-20
2.167474800866940983e-20
2.163804225299448435e-20
2.160152978433445076e-20
2.156520895171588166e-20
2.152907812592992284e-20
2.149313569919016085e-20
2.145738008479593434e-20
2.142180971680116437e-20
2.138642304968822830e-20
2.135121855804716003e-20
2.131619473625982155e-20
2.128135009818891943e-20
2.124668317687216415e-20
2.121219252422101551e-20
2.117787671072415565e-20
2.114373432515556319e-20
2.110976397428720961e-20
2.107596428260604389e-20
2.104233389203557222e-20
2.100887146166140694e-20
2.097557566746129637e-20
2.094244520203929826e-20
2.090947877436371494e-20
2.087667510950944900e-20
2.084403294840387686e-20
2.081155104757697136e-20
2.077922817891480684e-20
2.074706312941715679e-20
2.071505470095853402e-20
2.068320171005287221e-20
2.065150298762180337e-20
2.061995737876631477e-20
2.058856374254198996e-20
2.055732095173740941e-20
2.052622789265596375e-20
2.049528346490098916e-20
2.046448658116392715e-20
2.043383616701580954e-20
2.040333116070173463e-20
2.037297051293832558e-20
2.034275318671439366e-20
2.031267815709440614e-20
2.028274441102476477e-20
2.025295094714315081e-20
2.022329677559054823e-20
2.019378091782602038e-20
2.016440240644431543e-20
2.013516028499601461e-20
2.010605360781040982e-20
2.007708143982096322e-20
2.004824285639331871e-20
2.001953694315576891e-20
1.999096279583233724e-20
1.996251952007817106e-20
1.993420623131742355e-20
1.990602205458347070e-20
1.987796612436144250e-20
1.985003758443316748e-20
1.982223558772413656e-20
1.979455929615311797e-20
1.976700788048341831e-20
1.973958052017688502e-20
1.971227640324955792e-20
1.968509472612986961e-20
1.965803469351847990e-20
1.963109551825056583e-20
1.960427642115986299e-20
1.957757663094478638e-20
1.955099538403658839e-20
1.952453192446922319e-20
1.949818550375153113e-20
1.947195538074086767e-20
1.944584082151882671e-20
1.941984109926879961e-20
1.939395549415531268e-20
1.936818329320508895e-20
1.934252379018995462e-20
1.931697628551146088e-20
1.929154008608723590e-20
1.926621450523899809e-20
1.924099886258226948e-20
1.921589248391769613e-20
1.919089470112408077e-20
1.916600485205299229e-20
1.914122228042487384e-20
1.911654633572685726e-20
1.909197637311203388e-20
1.906751175330038950e-20
1.904315184248092205e-20
1.901889601221571521e-20
1.899474363934511943e-20
1.897069410589452194e-20
1.894674679898259418e-20
1.892290111073090253e-20
1.889915643817490026e-20
1.887551218317635183e-20
1.885196775233713858e-20
1.882852255691439434e-20
1.880517601273691716e-20
1.878192754012298616e-20
1.875877656379954480e-20
1.873572251282244323e-20
1.871276482049814627e-20
1.868990292430674132e-20
1.866713626582595745e-20
1.864446429065666800e-20
1.862188644834945245e-20
1.859940219233239516e-20
1.857701097984006966e-20
1.855471227184380496e-20
1.853250553298283057e-20
1.851039023149695316e-20
1.848836583916003378e-20
1.846643183121468679e-20
1.844458768630826373e-20
1.842283288642961364e-20
1.840116691684715834e-20
1.837958926604801507e-20
1.835809942567802476e-20
1.833669689048298712e-20
1.831538115825087073e-20
1.829415172975502816e-20
1.827300810869836208e-20
1.825194980165868000e-20
1.823097631803478026e-20
1.821008716999374177e-20
1.818928187241899908e-20
1.816855994285944671e-20
1.814792090147953047e-20
1.812736427101012122e-20
1.810688957670045383e-20
1.808649634627094499e-20
1.806618410986679928e-20
1.804595240001261749e-20
1.802580075156783834e-20
1.800572870168302296e-20
1.798573578975704502e-20
1.796582155739510248e-20
1.794598554836748762e-20
1.792622730856932008e-20
1.790654638598098403e-20
1.788694233062938390e-20
1.786741469455010282e-20
1.784796303175015398e-20
1.782858689817164071e-20
1.780928585165619300e-20
1.779005945191004193e-20
1.777090726046999696e-20
1.775182884066998286e-20
1.773282375760850054e-20
1.771389157811662952e-20
1.769503187072683089e-20
1.767624420564240324e-20
1.765752815470772106e-20
1.763888329137906889e-20
1.762030919069612857e-20
1.760180542925423981e-20
1.758337158517716936e-20
1.756500723809070769e-20
1.754671196909671712e-20
1.752848536074792919e-20
1.751032699702339808e-20
1.749223646330430917e-20
1.747421334635083169e-20
1.745625723427913404e-20
1.743836771653925359e-20
1.742054438389344200e-20
1.740278682839510342e-20
1.738509464336835553e-20
