5.979309155477750327e-21
5.977034314235203791e-21
5.974051844617979086e-21
5.970518763141540706e-21
5.966348952084652719e-21
5.961380422749053583e-21
5.955496623912570521e-21
5.948681760195630896e-21
5.941012952861579350e-21
5.932626843137920085e-21
5.923685597287718236e-21
5.914351579052368339e-21
5.904771717234088914e-21
5.895069645207120592e-21
5.885343184667250193e-21
5.875665114625204826e-21
5.866085725561017997e-21
5.856636160481923431e-21
5.847331925926729641e-21
5.838176221457703210e-21
5.829162910288316269e-21
5.820279062070585249e-21
5.811507062577440570e-21
5.802826319641176015e-21
5.794214611107175771e-21
5.785649126002575778e-21
5.777107249325096272e-21
5.768567136799410466e-21
5.760008120448712185e-21
5.751410979953342940e-21
5.742758109109377437e-21
5.734033601555681206e-21
5.725223275431141800e-21
5.716314652771894783e-21
5.707296906228553415e-21
5.698160783011617322e-21
5.688898513788722346e-21
5.679503712487554391e-21
5.669971271536620435e-21
5.660297255942317735e-21
5.650478798702808318e-21
5.640513999354186812e-21
5.630401826893593401e-21
5.620142027898516623e-21
5.609735040335182622e-21
5.599181913301541803e-21
5.588484232766117765e-21
5.577644053228289590e-21
5.566663835128163394e-21
5.555546387767469837e-21
5.544294817458399974e-21
5.532912480590281407e-21
5.521402941291515750e-21
5.509769933359589769e-21
5.498017326136944574e-21
5.486149094018611529e-21
5.474169289290829023e-21
5.462082018014531905e-21
5.449891418684318125e-21
5.437601643410588234e-21
5.425216841390059037e-21
5.412741144447172556e-21
5.400178654445474614e-21
5.387533432384456734e-21
5.374809489012440427e-21
5.362010776800677171e-21
5.349141183137343702e-21
5.336204524612803816e-21
5.323204542279114623e-21
5.310144897777685597e-21
5.297029170239039184e-21
5.283860853867580291e-21
5.270643356132808781e-21
5.257379996496269995e-21
5.244074005610121892e-21
5.230728524929905764e-21
5.217346606689971824e-21
5.203931214194846076e-21
5.190485222385261124e-21
5.177011418641202003e-21
5.163512503788889938e-21
5.149991093281668541e-21
5.136449718528352305e-21
5.122890828345121240e-21
5.109316790510135285e-21
5.095729893401760413e-21
5.082132347704090187e-21
5.068526288164884960e-21
5.054913775392928691e-21
5.041296797683344100e-21
5.027677272860838524e-21
5.014057050131909111e-21
5.000437911938483444e-21
4.986821575805977958e-21
4.973209696180235634e-21
4.959603866248053406e-21
4.946005619737129206e-21
4.932416432691625676e-21
4.918837725220275092e-21
4.905270863214433005e-21
4.891717160033704041e-21
4.878177878157676594e-21
4.864654230802055653e-21
4.851147383498164600e-21
4.837658455635069656e-21
4.824188521963533318e-21
4.810738614061595130e-21
4.797309721761439769e-21
4.783902794537573490e-21
4.770518742856445870e-21
4.757158439487640215e-21
4.743822720777075003e-21
4.730512387882571447e-21
4.717228207972334124e-21
4.703970915386840437e-21
4.690741212764916049e-21
4.677539772134505628e-21
4.664367235968897209e-21
4.651224218209269120e-21
4.638111305254103391e-21
4.625029056916479765e-21
4.611978007349832605e-21
4.598958665943217171e-21
4.585971518186652518e-21
4.573017026507553619e-21
4.560095631078959902e-21
4.547207750600408066e-21
4.534353783052236078e-21
4.521534106424149688e-21
4.508749079418765387e-21
4.495999042131001753e-21
4.483284316704004550e-21
4.470605207962363906e-21
4.457962004023418768e-21
4.445354976887251248e-21
4.432784383006222478e-21
4.420250463834584863e-21
4.407753446358953158e-21
4.395293543610226424e-21
4.382870955157621412e-21
4.370485867585416203e-21
4.358138454953033058e-21
4.345828879239025455e-21
4.333557290769501207e-21
4.321323828631636166e-21
4.309128621072676510e-21
4.296971785885057770e-21
4.284853430778058906e-21
4.272773653736534595e-21
