1.478579274611021759e-19
1.472531688328846628e-19
1.465323293780062049e-19
1.457080502567088218e-19
1.447948060434217641e-19
1.438135856452551843e-19
1.427799102640231273e-19
1.417069662023092140e-19
1.406077237670575767e-19
1.394947503368462506e-19
1.383794344441235105e-19
1.372714450490107530e-19
1.361785480204426421e-19
1.351066777736429483e-19
1.340601446611229284e-19
1.330418934680093207e-19
1.320537634729788978e-19
1.310967251237819585e-19
1.301710833254559091e-19
1.292766456176601282e-19
1.284128576622273425e-19
1.275789102114568993e-19
1.267738221708562185e-19
1.259965041541826148e-19
1.252458064225975458e-19
1.245205545041520317e-19
1.238195752070580082e-19
1.231417152169616057e-19
1.224858540209790729e-19
1.218509125302847362e-19
1.212358584717828624e-19
1.206397093783560112e-19
1.200615338163833514e-19
1.195004513394534148e-19
1.189556315403658382e-19
1.184262924828748489e-19
1.179116987246198137e-19
1.174111590888194779e-19
1.169240243010369018e-19
1.164496845758054097e-19
1.159875672139511547e-19
1.155371342533152211e-19
1.150978802019338864e-19
1.146693298725200313e-19
1.142510363295223045e-19
1.138425789544659242e-19
1.134435616312509185e-19
1.130536110502004844e-19
1.126723751276570550e-19
1.122995215365787620e-19
1.119347363427353821e-19
1.115777227406156236e-19
1.112281998829261826e-19
1.108859017975382016e-19
1.105505763858321219e-19
1.102219844965876203e-19
1.098998990698239701e-19
1.095841043452886960e-19
1.092743951306055428e-19
1.089705761244214189e-19
1.086724612902045749e-19
1.083798732766688721e-19
1.080926428810958295e-19
1.078106085521173379e-19
1.075336159287890938e-19
1.072615174130456231e-19
1.069941717728585879e-19
1.067314437736440690e-19
1.064732038356676021e-19
1.062193277153817962e-19
1.059696962088066159e-19
1.057241948752193782e-19
1.054827137795675208e-19
1.052451472521498717e-19
1.050113936642355191e-19
1.047813552184011676e-19
1.045549377524646566e-19
1.043320505559940313e-19
1.041126061984484241e-19
1.038965203680906856e-19
1.036837117208762616e-19
1.034741017385957411e-19
1.032676145955991561e-19
1.030641770334889370e-19
1.028637182432177550e-19
1.026661697540691217e-19
1.024714653290444250e-19
1.022795408662122956e-19
1.020903343056167728e-19
1.019037855413671371e-19
1.017198363385614775e-19
1.015384302547279486e-19
1.013595125654846095e-19
1.011830301941450229e-19
1.010089316450173428e-19
1.008371669401605186e-19
1.006676875593818517e-19
1.005004463832736448e-19
1.003353976391010707e-19
1.001724968493688167e-19
1.000117007829035233e-19
9.985296740830317896e-20
9.969625584961260037e-20
9.954152634409526408e-20
9.938874020198043168e-20
9.923785976807208358e-20
9.908884838511425278e-20
9.894167035881427132e-20
9.879629092443205055e-20
9.865267621484881270e-20
9.851079323003599751e-20
9.837060980784721054e-20
9.823209459606440934e-20
9.809521702563088366e-20
9.795994728501095289e-20
9.782625629561420924e-20
9.769411568823568895e-20
9.756349778045475936e-20
9.743437555494866632e-20
9.730672263867270179e-20
9.718051328286637883e-20
9.705572234384354429e-20
9.693232526453117270e-20
9.681029805671755235e-20
9.668961728397968676e-20
9.657026004525609923e-20
9.645220395903554991e-20
9.633542714813417250e-20
9.621990822503303261e-20
9.610562627775120284e-20
9.599256085623106313e-20
9.588069195921282336e-20
9.577000002157619230e-20
9.566046590212952437e-20
9.555207087182758206e-20
9.544479660239840206e-20
9.533862515536309918e-20
9.523353897143137106e-20
9.512952086025780182e-20
9.502655399054359326e-20
9.492462188046901431e-20
9.482370838844549475e-20
9.472379770417108890e-20
9.462487433998016131e-20
9.452692312247467947e-20
9.442992918442483579e-20
9.433387795693094610e-20
9.423875516183431062e-20
9.414454680436914125e-20
