2.829414809863538486e-19
2.778729491450587087e-19
2.723410043338482702e-19
2.659974683407520716e-19
2.588587654214996022e-19
2.511870793706172780e-19
2.432067151124302260e-19
2.350889623011937827e-19
2.269707076342632228e-19
2.189612414357847813e-19
2.111441267358948090e-19
2.035794332994919441e-19
1.963070997309793144e-19
1.893507816390664311e-19
1.827215600917878676e-19
1.764211759874405434e-19
1.704446826679080884e-19
1.647825342447496716e-19
1.594221817371112764e-19
1.543492645553565100e-19
1.495484813813548843e-19
1.450042133715450097e-19
1.407009595555663989e-19
1.366236319444299687e-19
1.327577472107756390e-19
1.290895430840549883e-19
1.256060406869267728e-19
1.222950686659362117e-19
1.191452608552992999e-19
1.161460360955408110e-19
1.132875664861700651e-19
1.105607386026389561e-19
1.079571109094968452e-19
1.054688696429869476e-19
1.030887847322823987e-19
1.008101668145450367e-19
9.862682602628946192e-20
9.653303298550546865e-20
9.452348218828738291e-20
9.259325790984677700e-20
9.073780260757729411e-20
8.895288776196014022e-20
8.723458705120075353e-20
8.557925173136259060e-20
8.398348808086050215e-20
8.244413676313364166e-20
8.095825396168492029e-20
7.952309414565608599e-20
7.813609433042206376e-20
7.679485970539026426e-20
7.549715050963057109e-20
7.424087004467831923e-20
7.302405372251779359e-20
7.184485905516436083e-20
7.070155650029051492e-20
6.959252108487862954e-20
6.851622473592981440e-20
6.747122925375307431e-20
6.645617986935194633e-20
6.546979933289623749e-20
6.451088248526420207e-20
6.357829126918427114e-20
6.267095014062353123e-20
6.178784184480859522e-20
6.092800352463785938e-20
6.009052313229840046e-20
5.927453611765547245e-20
5.847922236946949205e-20
5.770380338773948317e-20
5.694753966749595895e-20
5.620972827619005125e-20
5.548970060847491947e-20
5.478682030365941181e-20
5.410048131245489867e-20
5.343010610084794492e-20
5.277514398002314102e-20
5.213506955224948025e-20
5.150938126353592263e-20
5.089760005467025529e-20
5.029926810298599682e-20
4.971394764786438416e-20
4.914121989357814909e-20
4.858068398362837222e-20
4.803195604121861374e-20
4.749466827095976187e-20
4.696846811730504957e-20
4.645301747558612414e-20
4.594799195185720098e-20
4.545308016806199444e-20
4.496798310931705308e-20
4.449241351035947630e-20
4.402609527844253611e-20
4.356876295017063826e-20
4.312016117996350585e-20
4.268004425801489669e-20
4.224817565577335311e-20
4.182432759712354794e-20
4.140828065358001676e-20
4.099982336193363416e-20
4.059875186290338945e-20
4.020486955945240058e-20
3.981798679352525534e-20
3.943792054005027345e-20
3.906449411713550503e-20
3.869753691146049105e-20
3.833688411793610105e-20
3.798237649277061893e-20
3.763386011913632156e-20
3.729118618468900066e-20
3.695421077024127933e-20
3.662279464893833745e-20
3.629680309532715124e-20
3.597610570375175975e-20
3.566057621554300750e-20
3.535009235450586143e-20
3.504453567024025528e-20
3.474379138885982811e-20
3.444774827070125889e-20
3.415629847464214683e-20
3.386933742866927464e-20
3.358676370636158325e-20
3.330847890897181277e-20
3.303438755281108931e-20
3.276439696165805232e-20
3.249841716393054190e-20
3.223636079437419367e-20
3.197814300003596296e-20
3.172368135030476766e-20
3.147289575081381923e-20
3.122570836101121227e-20
3.098204351521616445e-20
3.074182764698905963e-20
3.050498921665284800e-20
3.027145864181233079e-20
3.004116823072708923e-20
2.981405211840067908e-20
2.959004620525757664e-20
2.936908809828467131e-20
2.915111705452279578e-20
2.893607392679787208e-20
2.872390111158900327e-20
2.851454249893439762e-20
2.830794342428324035e-20
2.810405062220444475e-20
2.790281218186954588e-20
2.770417750422982276e-20
2.750809726081295920e-20
2.731452335406759249e-20
2.712340887918813194e-20
