8.306142065397921483e-20
8.245666202576188229e-20
8.173582257088318357e-20
8.091154344958564407e-20
7.999829923629895948e-20
7.901707883813211487e-20
7.798340345689999766e-20
7.691045939518598811e-20
7.581121695993462767e-20
7.469824352972354225e-20
7.358292763700035683e-20
7.247493824188777982e-20
7.138204121331998188e-20
7.031017096652013170e-20
6.926363785400029228e-20
6.824538666088698557e-20
6.725725666585592465e-20
6.630021831665905763e-20
6.537457651833300818e-20
6.448013881053734770e-20
6.361635085510456198e-20
6.278240340433409472e-20
6.197731536373328145e-20
6.119999734705960557e-20
6.044929961547480139e-20
5.972404769702916690e-20
5.902306839993515540e-20
5.834520840983875292e-20
5.768934721385617196e-20
5.705440572316157043e-20
5.643935166465997357e-20
5.584320257123311032e-20
5.526502700926043849e-20
5.470394453233061016e-20
5.415912473324293124e-20
5.362978567575191189e-20
5.311519191749682850e-20
5.261465228169649277e-20
5.212751749391404302e-20
5.165317776868255689e-20
5.119106040682804317e-20
5.074062744619226600e-20
5.030137339481096739e-20
4.987282306539722672e-20
4.945452952239934338e-20
4.904607214734293304e-20
4.864705482412804170e-20
4.825710424307763161e-20
4.787586832053419626e-20
4.750301472945577687e-20
4.713822953561260152e-20
4.678121593349284301e-20
4.643169307580322148e-20
4.608939499041524046e-20
4.575406957870917287e-20
4.542547768946465917e-20
4.510339226270117753e-20
4.478759753816571685e-20
4.447788832348258770e-20
4.417406931729845174e-20
4.387595448308162580e-20
4.358336646954582676e-20
4.329613607397292859e-20
4.301410174499431663e-20
4.273710912166612071e-20
4.246501060592270413e-20
4.219766496573568703e-20
4.193493696652120417e-20
4.167669702854467715e-20
4.142282090825883514e-20
4.117318940168366082e-20
4.092768806809657360e-20
4.068620697244461989e-20
4.044864044502683836e-20
4.021488685711263024e-20
3.998484841127821853e-20
3.975843094534177372e-20
3.953554374887111836e-20
3.931609939132563148e-20
3.910001356096774258e-20
3.888720491375325842e-20
3.867759493147281615e-20
3.847110778847621912e-20
3.826767022636609622e-20
3.806721143609489620e-20
3.786966294694631710e-20
3.767495852192147597e-20
3.748303405908924421e-20
3.729382749849394410e-20
3.710727873424423620e-20
3.692332953143855849e-20
3.674192344760502963e-20
3.656300575836167250e-20
3.638652338702210995e-20
3.621242483789438767e-20
3.604066013303755146e-20
3.587118075225883641e-20
3.570393957615066564e-20
3.553889083197816375e-20
3.537599004224589770e-20
3.521519397578063444e-20
3.505646060118029009e-20
3.489974904248967538e-20
3.474501953697230900e-20
3.459223339485740438e-20
3.444135296094912248e-20
3.429234157799129169e-20
3.414516355169137643e-20
3.399978411730909547e-20
3.385616940772595994e-20
3.371428642291314474e-20
3.357410300072432768e-20
3.343558778894143621e-20
3.329871021850801886e-20
3.316344047788796170e-20
3.302974948849121204e-20
3.289760888111270378e-20
3.276699097333190058e-20
3.263786874782583763e-20
3.251021583154984301e-20
3.238400647574338764e-20
3.225921553672061329e-20
3.213581845740822364e-20
3.201379124959461533e-20
3.189311047685676779e-20
3.177375323813309600e-20
3.165569715191261288e-20
3.153892034101131372e-20
3.142340141791014373e-20
3.130911947062824776e-20
3.119605404910814416e-20
3.108418515208989236e-20
3.097349321445321315e-20
3.086395909500659336e-20
3.075556406470466911e-20
3.064828979527553726e-20
3.054211834824020428e-20
3.043703216430845811e-20
3.033301405313494905e-20
3.023004718342066225e-20
3.012811507334609535e-20
3.002720158132256375e-20
2.992729089704812781e-20
2.982836753285727845e-20
2.973041631535173642e-20
2.963342237730189275e-20
2.953737114980797898e-20
2.944224835471139767e-20
2.934803999724621025e-20
