5.948258926990675631e-21
5.945984085748129094e-21
5.943001616130904389e-21
5.939468534654466009e-21
5.935298723597578022e-21
5.930330194261978133e-21
5.924446395425495824e-21
5.917631531708556951e-21
5.909962724374504653e-21
5.901576614650845388e-21
5.892635368800643539e-21
5.883301350565294395e-21
5.873721488747015722e-21
5.864019416720045895e-21
5.854292956180175497e-21
5.844614886138130129e-21
5.835035497073943300e-21
5.825585931994848734e-21
5.816281697439654944e-21
5.807125992970628513e-21
5.798112681801242324e-21
5.789228833583510552e-21
5.780456834090365873e-21
5.771776091154101318e-21
5.763164382620101827e-21
5.754598897515501081e-21
5.746057020838021575e-21
5.737516908312335769e-21
5.728957891961636736e-21
5.720360751466268243e-21
5.711707880622303492e-21
5.702983373068606509e-21
5.694173046944067103e-21
5.685264424284820838e-21
5.676246677741478718e-21
5.667110554524542625e-21
5.657848285301649153e-21
5.648453484000479694e-21
5.638921043049545738e-21
5.629247027455243790e-21
5.619428570215733621e-21
5.609463770867112115e-21
5.599351598406518704e-21
5.589091799411441926e-21
5.578684811848107925e-21
5.568131684814467106e-21
5.557434004279043068e-21
5.546593824741214893e-21
5.535613606641089450e-21
5.524496159280395140e-21
5.513244588971325277e-21
5.501862252103205957e-21
5.490352712804441053e-21
5.478719704872515073e-21
5.466967097649869877e-21
5.455098865531536832e-21
5.443119060803754326e-21
5.431031789527457208e-21
5.418841190197244181e-21
5.406551414923514289e-21
5.394166612902984341e-21
5.381690915960098611e-21
5.369128425958399917e-21
5.356483203897382037e-21
5.343759260525364225e-21
5.330960548313602474e-21
5.318090954650269005e-21
5.305154296125729119e-21
5.292154313792039926e-21
5.279094669290610148e-21
5.265978941751965992e-21
5.252810625380506346e-21
5.239593127645734084e-21
5.226329768009195298e-21
5.213023777123049452e-21
5.199678296442831819e-21
5.186296378202897127e-21
5.172880985707771379e-21
5.159434993898186427e-21
5.145961190154127306e-21
5.132462275301815241e-21
5.118940864794594597e-21
5.105399490041277608e-21
5.091840599858046543e-21
5.078266562023060588e-21
5.064679664914685716e-21
5.051082119217015490e-21
5.037476059677810263e-21
5.023863546905853994e-21
5.010246569196269403e-21
4.996627044373763827e-21
4.983006821644835167e-21
4.969387683451408747e-21
4.955771347318904013e-21
4.942159467693162442e-21
4.928553637760979462e-21
4.914955391250053757e-21
4.901366204204550979e-21
4.887787496733200395e-21
4.874220634727358308e-21
4.860666931546629344e-21
4.847127649670601897e-21
4.833604002314982461e-21
4.820097155011089903e-21
4.806608227147995711e-21
4.793138293476458621e-21
4.779688385574520433e-21
4.766259493274365824e-21
4.752852566050498793e-21
4.739468514369371926e-21
4.726108211000565519e-21
4.712772492290000306e-21
4.699462159395497502e-21
4.686177979485260180e-21
4.672920686899765740e-21
4.659690984277842105e-21
4.646489543647430179e-21
4.633317007481822512e-21
4.620173989722195175e-21
4.607061076767028694e-21
4.593978828429405068e-21
4.580927778862758660e-21
4.567908437456142474e-21
4.554921289699577821e-21
4.541966798020479674e-21
4.529045402591885205e-21
4.516157522113333369e-21
4.503303554565160629e-21
4.490483877937074992e-21
4.477698850931690690e-21
4.464948813643927056e-21
4.452234088216929854e-21
4.439554979475288457e-21
4.426911775536344071e-21
4.414304748400176551e-21
4.401734154519147781e-21
4.389200235347509413e-21
4.376703217871878461e-21
4.364243315123152480e-21
4.351820726670548220e-21
4.339435639098341506e-21
4.327088226465958361e-21
4.314778650751951511e-21
4.302507062282425758e-21
4.290273600144562222e-21
4.278078392585603318e-21
4.265921557397982321e-21
4.253803202290984209e-21
4.241723425249459898e-21
