2.824513022988303474e-19
2.773827704575351594e-19
2.718508256463246246e-19
2.655072896532284260e-19
2.583685867339760529e-19
2.506969006830937287e-19
2.427165364249066767e-19
2.345987836136702334e-19
2.264805289467396734e-19
2.184710627482612319e-19
2.106539480483712597e-19
2.030892546119683467e-19
1.958169210434557410e-19
1.888606029515428578e-19
1.822313814042642942e-19
1.759309972999169700e-19
1.699545039803845390e-19
1.642923555572261223e-19
1.589320030495877030e-19
1.538590858678329125e-19
1.490583026938313350e-19
1.445140346840214363e-19
1.402107808680428014e-19
1.361334532569064194e-19
1.322675685232524508e-19
1.285993643965314149e-19
1.251158619994031994e-19
1.218048899784126624e-19
1.186550821677757265e-19
1.156558574080172376e-19
1.127973877986464917e-19
1.100705599151153827e-19
1.074669322219732719e-19
1.049786909554633742e-19
1.025986060447588373e-19
1.003199881270214753e-19
9.813664733876590057e-20
9.604285429798190730e-20
9.403330350076382156e-20
9.210307922232321565e-20
9.024762392005373276e-20
8.846270907443657887e-20
8.674440836367719218e-20
8.508907304383902925e-20
8.349330939333694080e-20
8.195395807561006828e-20
8.046807527416135894e-20
7.903291545813252464e-20
7.764591564289850241e-20
7.630468101786671495e-20
7.500697182210700974e-20
7.375069135715474584e-20
7.253387503499423224e-20
7.135468036764078744e-20
7.021137781276695357e-20
6.910234239735505616e-20
6.802604604840621694e-20
6.698105056622950093e-20
6.596600118182850535e-20
6.497962064537267615e-20
6.402070379774064072e-20
6.308811258166070979e-20
6.218077145309995784e-20
6.129766315728502183e-20
6.043782483711429803e-20
5.960034444477482707e-20
5.878435743013191110e-20
5.798904368194593070e-20
5.721362470021592182e-20
5.645736097997240964e-20
5.571954958866647787e-20
5.499952192095134608e-20
5.429664161613585046e-20
5.361030262493133732e-20
5.293992741332438357e-20
5.228496529249957365e-20
5.164489086472591890e-20
5.101920257601236128e-20
5.040742136714669394e-20
4.980908941546243547e-20
4.922376896034082281e-20
4.865104120605458172e-20
4.809050529610480485e-20
4.754177735369504637e-20
4.700448958343620052e-20
4.647828942978148822e-20
4.596283878806256279e-20
4.545781326433363362e-20
4.496290148053843309e-20
4.447780442179347969e-20
4.400223482283591495e-20
4.353591659091896874e-20
4.307858426264706487e-20
4.262998249243993246e-20
4.218986557049133534e-20
4.175799696824979176e-20
4.133414890959996854e-20
4.091810196605645541e-20
4.050964467441005475e-20
4.010857317537982810e-20
3.971469087192883321e-20
3.932780810600169399e-20
3.894774185252670608e-20
3.857431542961194369e-20
3.820735822393692970e-20
3.784670543041253368e-20
3.749219780524705758e-20
3.714368143161275419e-20
3.680100749716543329e-20
3.646403208271770595e-20
3.613261596141477610e-20
3.580662440780358989e-20
3.548592701622819840e-20
3.517039752801944615e-20
3.485991366698230008e-20
3.455435698271669393e-20
3.425361270133626074e-20
3.395756958317769754e-20
3.366611978711858548e-20
3.337915874114571931e-20
3.309658501883802792e-20
3.281830022144821531e-20
3.254420886528752194e-20
3.227421827413448495e-20
3.200823847640698055e-20
3.174618210685062630e-20
3.148796431251239559e-20
3.123350266278120030e-20
3.098271706329025187e-20
3.073552967348765093e-20
3.049186482769259709e-20
3.025164895946549828e-20
3.001481052912928063e-20
2.978127995428876342e-20
2.955098954320352187e-20
2.932387343087711171e-20
2.909986751773400325e-20
2.887890941076110394e-20
2.866093836699922841e-20
2.844589523927430471e-20
2.823372242406542989e-20
2.802436381141083627e-20
2.781776473675967298e-20
2.761387193468088340e-20
2.741263349434597851e-20
2.721399881670625540e-20
2.701791857328939785e-20
2.682434466654402512e-20
2.663323019166456758e-20
