4.376175947876905254e-24
4.380189494478588459e-24
4.384298109489476118e-24
4.388501711012953217e-24
4.392800253484167570e-24
4.397193681746092030e-24
4.401681889540677356e-24
4.406264682634647232e-24
4.410941746645452340e-24
4.415712619513101379e-24
4.420576668473666706e-24
4.425533071323389186e-24
4.430580801716433858e-24
4.435718618209073935e-24
4.440945056745127172e-24
4.446258426270769778e-24
4.451656807166562872e-24
4.457138052191849050e-24
4.462699789646469993e-24
4.468339428469883163e-24
4.474054165012536036e-24
4.479840991233162729e-24
4.485696704092664090e-24
4.491617915934504517e-24
4.497601065658591710e-24
4.503642430514550848e-24
4.509738138356345031e-24
4.515884180216774183e-24
4.522076423075619755e-24
4.528310622709607506e-24
4.534582436525485039e-24
4.540887436290090041e-24
4.547221120682470710e-24
4.553578927603654517e-24
4.559956246189091095e-24
4.566348428477648015e-24
4.572750800698459948e-24
4.579158674144508554e-24
4.585567355607854641e-24
4.591972157357039527e-24
