4.095260344211530112e-22
4.102256121473266090e-22
4.110763098040593231e-22
4.118202967864839186e-22
4.123616006617427278e-22
4.126792713395212080e-22
4.127799077892594234e-22
4.126847376880580870e-22
4.124233374453902478e-22
4.120286264620807704e-22
4.115332225495607444e-22
4.109672163125899603e-22
4.103570599716388234e-22
4.097251998461063011e-22
4.090901534060022808e-22
4.084668244360250109e-22
4.078669250708430208e-22
4.072994262061729883e-22
4.067709923214543164e-22
4.062863783968583284e-22
4.058487796758142690e-22
4.054601325784739857e-22
4.051213691741047456e-22
4.048326296178428127e-22
4.045934377098070758e-22
4.044028447816962267e-22
4.042595467897759537e-22
4.041619789932517164e-22
4.041083920398749736e-22
4.040969127311792410e-22
4.041255922312809064e-22
4.041924440305889717e-22
4.042954735828052982e-22
4.044327011983517288e-22
4.046021794949258420e-22
4.048020064699808457e-22
4.050303350643894417e-22
4.052853799251154876e-22
4.055654219421268849e-22
4.058688110260961122e-22
4.061939675045863520e-22
4.065393824419596924e-22
4.069036171291516413e-22
4.072853019414253980e-22
4.076831347231285453e-22
4.080958788267434358e-22
4.085223609077789375e-22
4.089614685561680782e-22
4.094121478279304948e-22
4.098734007271747138e-22
4.103442826774641823e-22
4.108239000126516011e-22
4.113114075100981059e-22
4.118060059834446361e-22
4.123069399474387111e-22
4.128134953636769702e-22
4.133249974731415613e-22
4.138408087191101331e-22
4.143603267621861703e-22
4.148829825877655015e-22
4.154082387051572309e-22
4.159355874367409071e-22
4.164645492949126664e-22
4.169946714441101776e-22
4.175255262448899612e-22
4.180567098768212749e-22
4.185878410368072404e-22
4.191185597094227257e-22
4.196485260058020734e-22
4.201774190676878193e-22
4.207049360332797575e-22
4.212307910616265390e-22
4.217547144124034607e-22
4.222764515780298457e-22
4.227957624652084386e-22
4.233124206230934629e-22
4.238262125154240966e-22
4.243369368340873514e-22
4.248444038517183682e-22
4.253484348110397998e-22
4.258488613488075605e-22
4.263455249523133954e-22
4.268382764465217735e-22
4.273269755100425033e-22
4.278114902182176773e-22
4.282916966117254957e-22
4.287674782891835464e-22
4.292387260223367178e-22
4.297053373924839433e-22
4.301672164468953077e-22
4.306242733740360303e-22
4.310764241964885958e-22
4.315235904805322049e-22
4.319656990614025672e-22
4.324026817833137396e-22
4.328344752533760960e-22
4.332610206086087382e-22
4.336822632952759792e-22
4.340981528598451385e-22
