4.318265291905200128e-24
4.341418808405552033e-24
4.376175947876904520e-24
4.420576668473665971e-24
4.474054165012534566e-24
4.534582436525485039e-24
4.598368406642811209e-24
4.660859824677671263e-24
4.717753011521899700e-24
4.765598057834629894e-24
4.802023737464178904e-24
4.825712573790369958e-24
4.836246732711744061e-24
4.833907537580127264e-24
4.819476535056697399e-24
4.794061481160560303e-24
4.758955573002726556e-24
4.715530033300296016e-24
4.665156259363319940e-24
4.609152356625246960e-24
4.548748811247064472e-24
4.485068610515848933e-24
4.419117897178918475e-24
4.351784038124612795e-24
4.283838703104448901e-24
4.215944150572617747e-24
4.148661401685345909e-24
4.082459361099200770e-24
4.017724230851286517e-24
3.954768778377566788e-24
3.893841177189694247e-24
3.835133252106887095e-24
3.778788040992310039e-24
3.724906640184776581e-24
3.673554337839792770e-24
3.624766063220037712e-24
3.578551194381285722e-24
3.534897774489824504e-24
3.493776190245810074e-24
3.455142366073020364e-24
3.418940525949590098e-24
3.385105571762958549e-24
3.353565123413011764e-24
3.324241261929518734e-24
3.297052012861232825e-24
3.271912603295496172e-24
3.248736522178188861e-24
3.227436410180493812e-24
3.207924802227162828e-24
3.190114742968387114e-24
3.173920292935956817e-24
3.159256940861047343e-24
3.146041935625222712e-24
3.134194549547368588e-24
3.123636283154635174e-24
3.114291020223312830e-24
3.106085140685222793e-24
3.098947597956859263e-24
3.092809966344789497e-24
3.087606463395065990e-24
3.083273951372370482e-24
3.079751921463198515e-24
3.076982463784951900e-24
3.074910225839556218e-24
3.073482361666519259e-24
3.072648473619171353e-24
3.072360548401608540e-24
3.072572888756986587e-24
3.073242041984955726e-24
3.074326726282641894e-24
3.075787755745642283e-24
3.077587964729719843e-24
3.079692132157232282e-24
3.082066906252093780e-24
3.084680730101174617e-24
3.087503768366555685e-24
3.090507835410108242e-24
3.093666325038192511e-24
3.096954142028630896e-24
3.100347635563106838e-24
3.103824534655302935e-24
3.107363885637200350e-24
3.110945991742495418e-24
3.114552354806419986e-24
3.118165619084805061e-24
3.121769517181701028e-24
3.125348818063435329e-24
3.128889277128068302e-24
3.132377588291552469e-24
3.135801338046144328e-24
3.139148961442022987e-24
3.142409699939314632e-24
3.145573561075428143e-24
3.148631279890510759e-24
3.151574282052904405e-24
3.154394648625674418e-24
3.157085082415348891e-24
3.159638875844096131e-24
3.162049880287257206e-24
3.164312476818891505e-24
3.166421548309163939e-24
3.168372452818462952e-24
3.170160998234635751e-24
3.171783418101065815e-24
3.173236348584925917e-24
3.174516806536511048e-24
3.175622168592073471e-24
3.176550151274392028e-24
3.177298792046800355e-24
3.177866431278090228e-24
3.178251695077369268e-24
3.178453478959409806e-24
3.178470932302817635e-24
3.178303443564687937e-24
3.177950626216977280e-24
3.177412305371326291e-24
3.176688505060482239e-24
3.175779436145702128e-24
3.174685484821083566e-24
3.173407201686844089e-24
3.171945291364919574e-24
3.170300602631385281e-24
3.168474119041432897e-24
3.166466950023591341e-24
3.164280322421114431e-24
3.161915572459315909e-24
3.159374138118713403e-24
3.156657551894701750e-24
3.153767433925408774e-24
3.150705485470238139e-24
3.147473482722372343e-24
3.144073270939368903e-24
3.140506758876638809e-24
3.136775913509379178e-24
3.132882755029154286e-24
3.128829352102027391e-24
3.124617817375708556e-24
3.120250303223774693e-24
3.115728997715660203e-24
3.111056120801533854e-24
3.106233920701778904e-24
3.101264670491247494e-24
3.096150664868915479e-24
3.090894217104046552e-24
3.085497656150320186e-24
3.079963323919896966e-24
3.074293572709642853e-24
3.068490762772194186e-24
3.062557260024881726e-24
3.056495433889819658e-24
3.050307655258792796e-24
3.043996294576949161e-24
3.037563720039432590e-24
3.031012295895602458e-24
3.024344380855421135e-24
3.017562326593215714e-24
3.010668476343898612e-24
3.003665163587227569e-24
2.996554710815728867e-24
2.989339428382201166e-24
2.982021613422869001e-24
2.974603548852458911e-24
2.967087502427636801e-24
2.959475725875409739e-24
2.951770454083283818e-24
2.943973904348064487e-24
2.936088275680390017e-24
2.928115748162194532e-24
2.920058482354439954e-24
2.911918618752560532e-24
2.903698277287205415e-24
2.895399556867997330e-24
2.887024534968066596e-24
2.878575267247281311e-24
2.870053787212204379e-24
2.861462105910806615e-24
2.852802211660204983e-24
2.844076069805619767e-24
2.835285622508953462e-24
2.826432788565396394e-24
2.817519463246565809e-24
2.808547518168769327e-24
2.799518801184984360e-24
2.790435136299321423e-24
2.781298323602694109e-24
2.772110139228530131e-24
2.762872335327386159e-24
2.753586640059447426e-24
2.744254757603834341e-24
2.734878368183765781e-24
2.725459128106697449e-24
2.715998669818482405e-24
2.706498601970757753e-24
2.696960509500786421e-24
2.687385953722911722e-24
2.677776472430987358e-24
2.668133580011034969e-24
2.658458767563503988e-24
2.648753503034497955e-24
2.639019231355346104e-24
2.629257374590041211e-24
2.619469332089868163e-24
2.609656480654855534e-24
2.599820174701438916e-24
2.589961746435973070e-24
2.580082506033570900e-24
2.570183741821908894e-24
2.560266720469555644e-24
2.550332687178498353e-24
2.540382865880442676e-24
2.530418459436587987e-24
2.520440649840546720e-24
2.510450598424099600e-24
2.500449446065472297e-24
2.490438313399880796e-24
2.480418301032093465e-24
2.470390489750709719e-24
2.460355940743969393e-24
2.450315695816851124e-24
2.440270777609239321e-24
2.430222189814962115e-24
2.420170917401530554e-24
2.410117926830357188e-24
2.400064166277332072e-24
2.390010565853551215e-24
2.379958037826090220e-24
2.369907476838624734e-24
2.359859760131833803e-24
2.349815747763377844e-24
2.339776282827396499e-24
2.329742191673407727e-24
2.319714284124423719e-24
2.309693353694301637e-24
2.299680177804166821e-24
2.289675517997801190e-24
2.279680120155983981e-24
2.269694714709647816e-24
2.259720016851792416e-24
2.249756726748130248e-24
2.239805529746324151e-24
2.229867096583827965e-24
2.219942083594261460e-24
2.210031132912218920e-24
2.200134872676547750e-24
2.190253917231979552e-24
2.180388867329132776e-24
2.170540310322792165e-24
2.160708820368514597e-24
2.150894958617408128e-24
2.141099273409213923e-24
2.131322300463514000e-24
2.121564563069147818e-24
2.111826572271773059e-24
2.102108827059558463e-24
2.092411814546999560e-24
2.082736010156842212e-24
2.073081877800094880e-24
2.063449870054140999e-24
2.053840428338910315e-24
2.044253983091141514e-24
2.034690953936699042e-24
2.025151749860951828e-24
2.015636769377238522e-24
2.006146400693357531e-24
1.996681021876151665e-24
1.987241001014149528e-24
1.977826696378258538e-24
1.968438456580552538e-24
1.959076620731128665e-24
1.949741518593038602e-24
1.940433470735319579e-24
1.931152788684128046e-24
1.921899775071961338e-24
1.912674723785012500e-24
1.903477920108642124e-24
1.894309640870984819e-24
1.885170154584707218e-24
1.876059721586921191e-24
1.866978594177260355e-24
1.857927016754156232e-24
1.848905225949293864e-24
1.839913450760278109e-24
1.830951912681542199e-24
1.822020825833455958e-24
1.813120397089725147e-24
1.804250826203025729e-24
1.795412305928939908e-24
1.786605022148168974e-24
1.777829153987079515e-24
1.769084873936553972e-24
1.760372347969199555e-24
1.751691735654905210e-24
1.743043190274782289e-24
1.734426858933487442e-24
1.725842882669957125e-24
1.717291396566562165e-24
1.708772529856704437e-24
1.700286406030867391e-24
1.691833142941139168e-24
1.683412852904226688e-24
1.675025642802968765e-24
1.666671614186385740e-24
1.658350863368242476e-24
1.650063481524194704e-24
1.641809554787486935e-24
1.633589164343248594e-24
1.625402386521385995e-24
1.617249292888104680e-24
1.609129950336060460e-24
1.601044421173168391e-24
1.592992763210083240e-24
1.584975029846358815e-24
1.576991270155312780e-24
1.569041528967611835e-24
1.561125846953587543e-24
1.553244260704296398e-24
1.545396802811356100e-24
1.537583501945554533e-24
1.529804382934255700e-24
1.522059466837613269e-24
1.514348771023625148e-24
1.506672309242009821e-24
1.499030091696955671e-24
1.491422125118726398e-24
1.483848412834175075e-24
1.476308954836134491e-24
1.468803747851735787e-24
1.461332785409659768e-24
1.453896057906320360e-24
1.446493552671021344e-24
1.439125254030069288e-24
1.431791143369886384e-24
1.424491199199114211e-24
1.417225397209730250e-24
1.409993710337199405e-24
1.402796108819658303e-24
1.395632560256151304e-24
1.388503029663938980e-24
1.381407479534882711e-24
1.374345869890917191e-24
1.367318158338634505e-24
1.360324300122978689e-24
1.353364248180072998e-24
1.346437953189188513e-24
1.339545363623861429e-24
1.332686425802181991e-24
1.325861083936259477e-24
1.319069280180871138e-24
1.312310954681314917e-24
1.305586045620476792e-24
1.298894489265112381e-24
1.292236220011372918e-24
1.285611170429567159e-24
1.279019271308185112e-24
1.272460451697188562e-24
1.265934638950568552e-24
1.259441758768209515e-24
1.252981735237031761e-24
1.246554490871451806e-24
1.240159946653163675e-24
1.233798022070239148e-24
1.227468635155576160e-24
1.221171702524684702e-24
1.214907139412840154e-24
1.208674859711595243e-24
1.202474776004670824e-24
1.196306799603235219e-24
1.190170840580570284e-24
1.184066807806153026e-24
1.177994608979131481e-24
1.171954150661243699e-24
1.165945338309143653e-24
1.159968076306183486e-24
1.154022267993635926e-24
1.148107815701363849e-24
1.142224620777965101e-24
1.136372583620383201e-24
1.130551603702993842e-24
1.124761579606184468e-24
1.119002409044424530e-24
1.113273988893839641e-24
1.107576215219294047e-24
1.101908983300993722e-24
1.096272187660610992e-24
1.090665722086942637e-24
1.085089479661105145e-24
1.079543352781282173e-24
1.074027233187018344e-24
1.068541011983071677e-24
1.063084579662848172e-24
1.057657826131382905e-24
1.052260640727931380e-24
1.046892912248124106e-24
1.041554528965724079e-24
1.036245378653986615e-24
1.030965348606614744e-24
1.025714325658335686e-24
1.020492196205090884e-24
1.015298846223846758e-24
1.010134161292044730e-24
1.004998026606673064e-24
9.998903270029926811e-25
9.948109469728980095e-25
9.897597706829439263e-25
9.847366819920150907e-25
9.797415644686677917e-25
9.747743014081433921e-25
9.698347758490416139e-25
9.649228705896902154e-25
9.600384682041822238e-25
9.551814510581170907e-25
9.503517013240251977e-25
9.455491009964905919e-25
9.407735319069908667e-25
9.360248757384273747e-25
9.313030140393826879e-25
9.266078282380873078e-25
9.219391996561125212e-25
9.172970095217899537e-25
9.126811389833581892e-25
9.080914691218529827e-25
9.035278809637258256e-25
8.989902554932185949e-25
8.944784736644761041e-25
8.899924164134180451e-25
8.855319646693622396e-25
8.810969993664122408e-25
8.766874014546037748e-25
8.723030519108248992e-25
8.679438317495047369e-25
8.636096220330768452e-25
8.593003038822260363e-25
8.550157584859114875e-25
8.507558671111817515e-25
8.465205111127779942e-25
8.423095719425307865e-25
8.381229311585528372e-25
8.339604704342295048e-25
8.298220715670214129e-25
8.257076164870630084e-25
8.216169872655803862e-25
8.175500661231122194e-25
8.135067354375593240e-25
8.094868777520412779e-25
8.054903757825864491e-25
8.015171124256360585e-25
7.975669707653886315e-25
7.936398340809625238e-25
7.897355858534063679e-25
