1.167352005328013071e-21
1.172687491054148859e-21
1.178581988108091487e-21
1.182686468707213858e-21
1.184493290287269841e-21
1.184240915959182764e-21
1.182321553893307480e-21
1.179136480131516723e-21
1.175056512203983104e-21
1.170404080333059047e-21
1.165446212624120416e-21
1.160395361311856257e-21
1.155414772616206714e-21
1.150625737357938993e-21
1.146115078181186353e-21
1.141942037188552682e-21
1.138144228870811797e-21
1.134742594677104115e-21
1.131745426268322050e-21
1.129151576939288173e-21
1.126952992641253736e-21
1.125136686723814905e-21
1.123686267341699016e-21
1.122583109270491778e-21
1.121807245429104084e-21
1.121338038876487833e-21
1.121154683765276395e-21
1.121236573625446488e-21
1.121563567176286754e-21
1.122116175332021541e-21
1.122875687887548441e-21
1.123824254288512224e-21
1.124944929684365675e-21
1.126221694953154154e-21
1.127639457425004911e-21
1.129184037500424843e-21
1.130842145165799078e-21
1.132601349478745912e-21
1.134450043372219530e-21
1.136377405563352837e-21
1.138373360915664193e-21
1.140428540263852205e-21
1.142534240447430720e-21
1.144682385096094539e-21
1.146865486552864150e-21
1.149076609200655438e-21
1.151309334365639831e-21
1.153557726900626615e-21
1.155816303498960641e-21
1.158080002749615858e-21
1.160344156915271675e-21
1.162604465393862173e-21
1.164856969809323437e-21
1.167098030667064555e-21
1.169324305503371934e-21
1.171532728454173218e-21
1.173720491167131682e-21
1.175885024981027186e-21
1.178023984297557641e-21
1.180135231072697859e-21
1.182216820357308794e-21
1.184266986819689495e-21
1.186284132185965964e-21
1.188266813537487801e-21
1.190213732407857427e-21
1.192123724625496182e-21
1.193995750850981199e-21
1.195828887761578987e-21
1.197622319838391969e-21
1.199375331714565088e-21
1.201087301045706055e-21
1.202757691866327376e-21
1.204386048398603186e-21
1.205971989282052545e-21
1.207515202194959715e-21
1.209015438840367142e-21
1.210472510271419925e-21
1.211886282532578973e-21
1.213256672594923476e-21
1.214583644565265508e-21
1.215867206150277312e-21
1.217107405358129949e-21
1.218304327421413394e-21
1.219458091926225935e-21
1.220568850133432629e-21
1.221636782479030543e-21
1.222662096241520525e-21
1.223645023365025951e-21
1.224585818427674557e-21
1.225484756745510436e-21
1.226342132602884725e-21
1.227158257600874939e-21
1.227933459115920544e-21
1.228668078861345132e-21
1.229362471544981365e-21
1.230017003616579246e-21
1.230632052099068692e-21
1.231208003498218374e-21
1.231745252785545530e-21
