9.747322614749420216e-22
9.755438624016513342e-22
9.764725987757910243e-22
9.772338798928095974e-22
9.778775873419859472e-22
9.785355589734589946e-22
9.793098931304876485e-22
9.802629047288391157e-22
9.814274693595471191e-22
9.828167758021645959e-22
9.844312164156599880e-22
9.862630551987928325e-22
9.882995547633839086e-22
9.905250497970892991e-22
9.929223102653463660e-22
9.954734332257650812e-22
9.981604252570666318e-22
1.000965582602090002e-21
1.003871738548377390e-21
1.006862422749857674e-21
1.009921961203848609e-21
1.013035535455478297e-21
1.016189213216575917e-21
1.019369958567356302e-21
1.022565627362784560e-21
1.025764951828805567e-21
1.028957517258853822e-21
1.032133732994572613e-21
1.035284799366724915e-21
1.038402671904096114e-21
1.041480023841543488e-21
1.044510207744171540e-21
1.047487216894664039e-21
1.050405646953338832e-21
1.053260658288215440e-21
1.056047939280037478e-21
1.058763670830920048e-21
1.061404492242698753e-21
1.063967468579401080e-21
1.066450059586415926e-21
1.068850090204783942e-21
1.071165722691728684e-21
1.073395430337135571e-21
1.075537972748443485e-21
1.077592372663764798e-21
1.079557894243267780e-21
1.081434022781863145e-21
1.083220445781539779e-21
1.084917035318678831e-21
1.086523831640147970e-21
1.088041027921645283e-21
1.089468956122187506e-21
1.090808073869946163e-21
1.092058952316324856e-21
1.093222264897306983e-21
1.094298776943551562e-21
1.095289336083249409e-21
1.096194863384532653e-21
1.097016345186931199e-21
1.097754825574170075e-21
1.098411399443328161e-21
1.098987206128069284e-21
1.099483423536243689e-21
1.099901262764680404e-21
1.100241963156405210e-21
1.100506787767789794e-21
1.100697019215328021e-21
1.100813955873827088e-21
1.100858908399720861e-21
1.100833196555052281e-21
1.100738146309404134e-21
1.100575087198693776e-21
1.100345349921217029e-21
1.100050264152784479e-21
1.099691156564093586e-21
1.099269349024709293e-21
1.098786156979189303e-21
1.098242887981943026e-21
1.097640840378394627e-21
1.096981302120993520e-21
1.096265549709402764e-21
1.095494847245023760e-21
1.094670445590790684e-21
1.093793581627758717e-21
1.092865477600744889e-21
1.091887340545772808e-21
1.090860361792728144e-21
1.089785716536988369e-21
1.088664563474404670e-21
1.087498044494349160e-21
1.086287284425960249e-21
1.085033390833121197e-21
1.083737453853990843e-21
1.082400546081300846e-21
1.081023722479820004e-21
1.079608020337767772e-21
1.078154459249138032e-21
1.076664041124140862e-21
1.075137750225188091e-21
