1.572618320090142751e-21
1.579358443290523112e-21
1.586789300219214568e-21
1.591942835805069167e-21
1.594233969430500862e-21
1.594031988491193334e-21
1.591886325738868000e-21
1.588338605990887076e-21
1.583874970519844224e-21
1.578907444569208561e-21
1.573768916998858647e-21
1.568717277505749049e-21
1.563944488486036887e-21
1.559587353514670281e-21
1.555738070831771975e-21
1.552453663424339951e-21
1.549763976850946970e-21
1.547678246601080109e-21
1.546190376168882436e-21
1.545283114583678141e-21
1.544931324346425521e-21
1.545104512885148565e-21
1.545768775856034240e-21
1.546888275262803082e-21
1.548426352268492568e-21
1.550346354729653273e-21
1.552612243003489974e-21
1.555189024178428622e-21
1.558043054129767276e-21
1.561142238257765499e-21
1.564456155013543994e-21
1.567956121004890213e-21
1.571615212303250146e-21
1.575408253305423578e-21
1.579311781946071158e-21
1.583303998057159908e-21
1.587364700107395233e-21
1.591475214333783719e-21
1.595618319324292522e-21
1.599778168367035087e-21
1.603940211302056476e-21
1.608091117160975087e-21
1.612218698529627119e-21
1.616311838297697140e-21
1.620360419249949582e-21
1.624355256792941512e-21
1.628288034988083159e-21
1.632151245968883299e-21
1.635938132750286148e-21
1.639642635386230501e-21
1.643259340394044598e-21
1.646783433337592543e-21
1.650210654443074654e-21
1.653537257109801626e-21
1.656759969171699587e-21
1.659875956762646475e-21
1.662882790638836307e-21
1.665778414813612793e-21
1.668561117364013909e-21
1.671229503273139711e-21
1.673782469178060625e-21
1.676219179898998410e-21
1.678539046631884291e-21
1.680741706692780275e-21
1.682827004708999996e-21
1.684794975158109675e-21
1.686645826161991434e-21
1.688379924449125673e-21
1.689997781403785749e-21
1.691500040126270828e-21
1.692887463433315297e-21
1.694160922732670628e-21
1.695321387710347489e-21
1.696369916773224691e-21
1.697307648193789573e-21
1.698135791907376855e-21
1.698855621915897322e-21
1.699468469255153419e-21
1.699975715485969792e-21
1.700378786672102629e-21
1.700679147810599221e-21
1.700878297682623383e-21
1.700977764095096457e-21
1.700979099485590134e-21
1.700883876864838185e-21
1.700693686073089388e-21
1.700410130328166612e-21
1.700034823044706249e-21
1.699569384905461243e-21
1.699015441166917954e-21
1.698374619182742840e-21
1.697648546129692152e-21
1.696838846921732005e-21
1.695947142299111123e-21
1.694975047080015932e-21
1.693924168563381621e-21
1.692796105072111401e-21
1.691592444626836753e-21
1.690314763740917420e-21
