7.602271806999499302e-24
7.625425323499853411e-24
7.660182462971205898e-24
7.704583183567971022e-24
7.758060680106841087e-24
7.818588951619790091e-24
7.882374921737113322e-24
7.944866339771976314e-24
8.001759526616202547e-24
8.049604572928932007e-24
8.086030252558483221e-24
8.109719088884680152e-24
8.120253247806043969e-24
8.117914052674415417e-24
8.103483050150978941e-24
8.078067996254860212e-24
8.042962088097031607e-24
7.999536548394598863e-24
7.949162774457624256e-24
7.893158871719554215e-24
7.832755326341369523e-24
7.769075125610151045e-24
7.703124412273223526e-24
7.635790553218917846e-24
7.567845218198748074e-24
7.499950665666922799e-24
7.432667916779652429e-24
7.366465876193507291e-24
7.301730745945578344e-24
7.238775293471876247e-24
7.177847692283995625e-24
7.119139767201190677e-24
7.062794556086621702e-24
7.008913155279086041e-24
6.957560852934088270e-24
6.908772578314340559e-24
6.862557709475586365e-24
6.818904289584132494e-24
6.777782705340109248e-24
6.739148881167314395e-24
6.702947041043892211e-24
6.669112086857259192e-24
6.637571638507312407e-24
6.608247777023817908e-24
6.581058527955538611e-24
6.555919118389789468e-24
6.532743037272496116e-24
6.511442925274790047e-24
6.491931317321464574e-24
6.474121258062692900e-24
6.457926808030256726e-24
6.443263455955345782e-24
6.430048450719528498e-24
6.418201064641674007e-24
6.407642798248930675e-24
6.398297535317619718e-24
6.390091655779523436e-24
6.382954113051159538e-24
6.376816481439098956e-24
6.371612978489368103e-24
6.367280466466678472e-24
6.363758436557497321e-24
6.360988978879258421e-24
6.358916740933860168e-24
6.357488876760819902e-24
6.356654988713472364e-24
6.356367063495912490e-24
6.356579403851282822e-24
6.357248557079250125e-24
6.358333241376946946e-24
6.359794270839941457e-24
6.361594479824030037e-24
6.363698647251534762e-24
6.366073421346391118e-24
6.368687245195470118e-24
6.371510283460863675e-24
6.374514350504409619e-24
6.377672840132501236e-24
6.380960657122935213e-24
6.384354150657404910e-24
6.387831049749602476e-24
6.391370400731501361e-24
6.394952506836800836e-24
6.398558869900723201e-24
6.402172134179110480e-24
6.405776032276002405e-24
6.409355333157743319e-24
6.412895792222374823e-24
6.416384103385849071e-24
6.419807853140451216e-24
6.423155476536330610e-24
6.426416215033621153e-24
6.429580076169737970e-24
6.432637794984813974e-24
6.435580797147207620e-24
6.438401163719982408e-24
6.441091597509656146e-24
6.443645390938402652e-24
6.446056395381557115e-24
6.448318991913196923e-24
6.450428063403464582e-24
6.452378967912769472e-24
6.454167513328937496e-24
6.455789933195367192e-24
6.457242863679226560e-24
6.458523321630814998e-24
6.459628683686377788e-24
6.460556666368695610e-24
6.461305307141106508e-24
6.461872946372396381e-24
6.462258210171675054e-24
6.462459994053706042e-24
6.462477447397121952e-24
6.462309958658992621e-24
6.461957141311278291e-24
6.461418820465629505e-24
6.460695020154787290e-24
6.459785951240002404e-24
6.458691999915383842e-24
6.457413716781148406e-24
6.455951806459225728e-24
6.454307117725689230e-24
6.452480634135733908e-24
6.450473465117898229e-24
6.448286837515419115e-24
6.445922087553623531e-24
6.443380653213019189e-24
6.440664066989006067e-24
6.437773949019713091e-24
6.434712000564544292e-24
6.431479997816676292e-24
6.428079786033673954e-24
6.424513273970942758e-24
6.420782428603680556e-24
6.416889270123459337e-24
6.412835867196333912e-24
6.408624332470008465e-24
6.404256818318076806e-24
6.399735512809961214e-24
6.395062635895839640e-24
6.390240435796083955e-24
6.385271185585554749e-24
6.380157179963220163e-24
6.374900732198351604e-24
6.369504171244624870e-24
6.363969839014204588e-24
6.358300087803945700e-24
6.352497277866498136e-24
6.346563775119187512e-24
