7.570769922472071857e-22
8.180147123235243161e-22
8.689563125618159264e-22
8.765985996978037955e-22
8.468745152958197932e-22
7.950828244023771639e-22
7.331337718818836196e-22
6.685822671140109159e-22
6.058681240981495372e-22
5.474101464699000618e-22
4.943517172047712668e-22
4.470539775061087146e-22
4.054190380285369888e-22
3.690979346091964437e-22
3.376209590375735449e-22
3.104766994300483778e-22
2.871579438249582303e-22
2.671866573263910430e-22
2.501260577518616545e-22
2.355849613704559573e-22
2.232176742029771890e-22
2.127214681785356399e-22
2.038328872831458036e-22
1.963236249656173088e-22
1.899963982257385414e-22
1.846810485050220644e-22
1.802309807903739258e-22
1.765199818901721846e-22
1.734394185069888941e-22
1.708957939648124878e-22
1.688086319458261139e-22
1.671086517622178253e-22
1.657361996719794494e-22
1.646399027826300141e-22
1.637755151056720135e-22
1.631049286956600672e-22
1.625953261707979489e-22
1.622184540739829761e-22
1.619499994023795650e-22
1.617690541780157242e-22
1.616576551537139584e-22
1.616003876680827454e-22
1.615840443091869372e-22
1.615973304504848153e-22
1.616306099159718504e-22
1.616756850434000422e-22
1.617256062713159948e-22
1.617745071006692189e-22
1.618174608950968332e-22
1.618503565029759472e-22
1.618697901237238376e-22
1.618729712131511940e-22
1.618576405384510616e-22
1.618219987615798848e-22
1.617646441578206646e-22
1.616845182704504769e-22
1.615808584680208685e-22
1.614531565121238463e-22
1.613011223644595448e-22
1.611246525656049248e-22
1.609238026067618928e-22
1.606987627921251033e-22
1.604498371552498654e-22
1.601774250494263940e-22
1.598820050809794120e-22
1.595641210966769154e-22
1.592243699730256882e-22
1.588633909869498933e-22
1.584818565748909672e-22
1.580804643113035957e-22
1.576599299583487978e-22
1.572209814567510763e-22
1.567643537436143163e-22
1.562907842968333812e-22
1.558010093178332076e-22
1.552957604749601893e-22
1.547757621391269374e-22
1.542417290514551173e-22
1.536943643698052230e-22
1.531343580473650744e-22
1.525623855019858629e-22
1.519791065398233041e-22
1.513851645011195297e-22
1.507811855997368686e-22
1.501677784313836494e-22
1.495455336284126990e-22
1.489150236416681167e-22
1.482768026321490113e-22
1.476314064572872970e-22
1.469793527384276290e-22
1.463211409976888466e-22
1.456572528537880490e-22
1.449881522676490436e-22
1.443142858297267139e-22
1.436360830819450878e-22
1.429539568680182817e-22
1.422683037066850269e-22
1.415795041830695775e-22
1.408879233539792313e-22
1.401939111634855474e-22
1.394978028656054066e-22
1.387999194513183309e-22
1.381005680775222394e-22
1.374000424958655424e-22
1.366986234796747232e-22
1.359965792474554243e-22
1.352941658816799656e-22
1.345916277417548964e-22
1.338891978702635441e-22
1.331870983917107660e-22
1.324855409031501137e-22
1.317847268561858775e-22
1.310848479299512851e-22
1.303860863947544961e-22
1.296886154661678053e-22
1.289925996494038997e-22
1.282981950738830862e-22
1.276055498179564586e-22
1.269148042237830544e-22
1.262260912024119449e-22
1.255395365291461390e-22
1.248552591292967720e-22
1.241733713544601785e-22
1.234939792494728466e-22
1.228171828102136694e-22
1.221430762324381836e-22
1.214717481518427520e-22
1.208032818755623534e-22
1.201377556053151457e-22
1.194752426524126778e-22
1.188158116448531952e-22
1.181595267267264358e-22
1.175064477501497817e-22
1.168566304599620020e-22
1.162101266713991065e-22
1.155669844409702233e-22
1.149272482307562555e-22
1.142909590663455413e-22
1.136581546886189973e-22
1.130288696995947607e-22
1.124031357025362781e-22
1.117809814365232982e-22
1.111624329056832050e-22
1.105475135032712414e-22
1.099362441307874656e-22
1.093286433123097281e-22
1.087247273042187108e-22
1.081245102004866973e-22
1.075280040336938917e-22
