3.250225045610418077e-20
3.250448483219126446e-20
3.250694000363189372e-20
3.250863265748919336e-20
3.250937383432155329e-20
3.250928404624319016e-20
3.250853695854747728e-20
3.250730136198390192e-20
3.250572871219634038e-20
3.250394857292190482e-20
3.250206732374179003e-20
3.250016923237705154e-20
3.249831889436987795e-20
3.249656419499306359e-20
3.249493926819173740e-20
3.249346718990960301e-20
3.249216230570640220e-20
3.249103217952294265e-20
3.249007919157415965e-20
3.248930182940531831e-20
3.248869571941747965e-20
3.248825444342284516e-20
3.248797017960731449e-20
3.248783420146216170e-20
3.248783726266463178e-20
3.248796989089783710e-20
3.248822260932237918e-20
3.248858610082587155e-20
3.248905132721679392e-20
3.248960961311494324e-20
3.249025270233061932e-20
3.249097279294289294e-20
3.249176255601613614e-20
3.249261514187221028e-20
3.249352417701828279e-20
3.249448375417525864e-20
3.249548841733030107e-20
3.249653314331809820e-20
3.249761332110399576e-20
3.249872472967659029e-20
3.249986351524715010e-20
3.250102616828569931e-20
3.250220950079105418e-20
3.250341062408865462e-20
3.250462692736557537e-20
3.250585605709024329e-20
3.250709589741118298e-20
3.250834455159255682e-20
3.250960032451267977e-20
3.251086170622948143e-20
3.251212735659973455e-20
3.251339609092624876e-20
3.251466686659751390e-20
3.251593877067986033e-20
3.251721100841558256e-20
3.251848289258005179e-20
3.251975383364924768e-20
3.252102333072818300e-20
3.252229096319311391e-20
3.252355638299991143e-20
3.252481930761328049e-20
3.252607951351407093e-20
3.252733683024252060e-20
3.252859113493897222e-20
3.252984234734440001e-20
3.253109042522680751e-20
3.253233536020009990e-20
3.253357717390536819e-20
3.253481591452662910e-20
3.253605165361333562e-20
3.253728448318681172e-20
3.253851451310603150e-20
3.253974186867318282e-20
3.254096668845844969e-20
3.254218912232640964e-20
3.254340932964732620e-20
3.254462747767782104e-20
3.254584374009681210e-20
3.254705829568383814e-20
3.254827132712743174e-20
3.254948301995250267e-20
3.255069356155673501e-20
3.255190314034668111e-20
3.255311194496451282e-20
3.255432016359800891e-20
3.255552798336624962e-20
3.255673558977451228e-20
3.255794316623204255e-20
3.255915089362738682e-20
3.256035894995577898e-20
3.256156750999429019e-20
3.256277674502009542e-20
3.256398682256788449e-20
3.256519790622316773e-20
3.256641015544774450e-20
3.256762372543428353e-20
3.256883876698792632e-20
3.257005542643109207e-20
3.257127384553067750e-20
3.257249416144409471e-20
3.257371650668334056e-20
3.257494100909449755e-20
3.257616779185169119e-20
3.257739697346333728e-20
3.257862866779012523e-20
3.257986298407278159e-20
3.258110002696881315e-20
3.258233989659742326e-20
3.258358268859107256e-20
3.258482849415347959e-20
3.258607740012288156e-20
3.258732948903992940e-20
3.258858483921982585e-20
3.258984352482750299e-20
3.259110561595630243e-20
3.259237117870855144e-20
3.259364027527871499e-20
3.259491296403770930e-20
3.259618929961878032e-20
3.259746933300441126e-20
3.259875311161361542e-20
3.260004067939008959e-20
3.260133207689028922e-20
3.260262734137150963e-20
3.260392650687999132e-20
3.260522960433856777e-20
3.260653666163374765e-20
3.260784770370247187e-20
3.260916275261767907e-20
3.261048182767363637e-20
3.261180494546987378e-20
3.261313211999437232e-20
3.261446336270568694e-20
3.261579868261391975e-20
3.261713808636059203e-20
3.261848157829720405e-20
3.261982916056276585e-20
3.262118083315993760e-20
3.262253659402983400e-20
3.262389643912575724e-20
3.262526036248541943e-20
3.262662835630194918e-20
3.262800041099349595e-20
3.262937651527163664e-20
3.263075665620831974e-20
3.263214081930152750e-20
3.263352898853971632e-20
3.263492114646487293e-20
3.263631727423406587e-20
