3.227530879096752159e-21
3.229765255183812906e-21
3.232220426624469629e-21
3.233913080481746317e-21
3.234654257314141604e-21
3.234564469235733337e-21
3.233817381540005037e-21
3.232581784976443222e-21
3.231009135188914784e-21
3.229228995914509312e-21
3.227347746734365556e-21
3.225449655369565752e-21
3.223599317362415488e-21
3.221844617985665822e-21
3.220219691184333618e-21
3.218747612902145059e-21
3.217442728698937485e-21
3.216312602515500500e-21
3.215359614566685907e-21
3.214582252397852834e-21
3.213976142410064957e-21
3.213534866415474853e-21
3.213250602599878359e-21
3.213114624454734968e-21
3.213117685657231006e-21
3.213250313890402470e-21
3.213503032314949071e-21
3.213866523818428269e-21
3.214331750209334470e-21
3.214890036107506734e-21
3.215533125323192588e-21
3.216253215935458687e-21
3.217042979008680826e-21
3.217895564864779419e-21
3.218804600010840637e-21
3.219764177167827398e-21
3.220768840322875847e-21
3.221813566310672980e-21
3.222893744096561511e-21
3.224005152669149269e-21
3.225143938239743687e-21
3.226306591278270321e-21
3.227489923783650019e-21
3.228691047081224879e-21
3.229907350358174974e-21
3.231136480082832358e-21
3.232376320403759642e-21
3.233624974585117680e-21
3.234880747505223703e-21
3.236142129222022724e-21
3.237407779592312338e-21
3.238676513918782531e-21
3.239947289590042786e-21
3.241219193672405017e-21
3.242491431408129128e-21
3.243763315572635969e-21
3.245034256641809296e-21
3.246303753720738973e-21
3.247571386185693577e-21
3.248836805992471534e-21
3.250099730605849625e-21
3.251359936506630285e-21
3.252617253235095375e-21
3.253871557931524430e-21
3.255122770336977419e-21
3.256370848219396578e-21
3.257615783192661515e-21
3.258857596897958010e-21
3.260096337519180551e-21
3.261332076605910776e-21
3.262564906179360914e-21
3.263794936098578445e-21
3.265022291665736530e-21
3.266247111451011305e-21
3.267469545318988929e-21
3.268689752639904360e-21
3.269907900670374375e-21
3.271124163089366939e-21
3.272338718676411791e-21
3.273551750120006892e-21
3.274763442945057513e-21
3.275973984549302635e-21
3.277183563339252498e-21
3.278392367957081955e-21
3.279600586590567514e-21
3.280808406358814618e-21
3.282016012767070886e-21
3.283223589224606792e-21
3.284431316619937520e-21
3.285639372948331188e-21
3.286847932986855942e-21
3.288057168012646121e-21
3.289267245560440087e-21
3.290478329215735356e-21
3.291690578440283916e-21
3.292904148426853413e-21
3.294119189980473636e-21
3.295335849423653679e-21
3.296554268523231584e-21
3.297774584436651053e-21
3.298996929675891264e-21
3.300221432087066684e-21
3.301448214844243024e-21
3.302677396455903028e-21
3.303909090782704146e-21
3.305143407065352982e-21
3.306380449961397332e-21
3.307620319589994273e-21
3.308863111583626271e-21
3.310108917146028413e-21
3.311357823115426999e-21
3.312609912032497404e-21
3.313865262212372795e-21
3.315123947820061594e-21
3.316386038948837710e-21
3.317651601701112680e-21
3.318920698271276601e-21
3.320193387030268656e-21
3.321469722611352835e-21
3.322749755996962714e-21
3.324033534606173275e-21
3.325321102382662866e-21
3.326612499882845942e-21
3.327907764364062218e-21
3.329206929872548040e-21
3.330510027331118477e-21
3.331817084626325813e-21
3.333128126695018808e-21
3.334443175610237673e-21
3.335762250666193471e-21
3.337085368462425609e-21
3.338412542986918888e-21
3.339743785698239143e-21
3.341079105606489636e-21
3.342418509353153639e-21
3.343762001289773565e-21
3.345109583555341378e-21
3.346461256152493194e-21
3.347817017022387708e-21
3.349176862118312833e-21
3.350540785477982545e-21
3.351908779294507407e-21
3.353280833986060192e-21
3.354656938264198627e-21
3.356037079200867438e-21
3.357421242294079335e-21
3.358809411532292982e-21
3.360201569457422503e-21
3.361597697226614317e-21
3.362997774672682218e-21
3.364401780363237188e-21
3.365809691658593940e-21
3.367221484768365422e-21
3.368637134806830669e-21
3.370056615847041778e-21
3.371479900973718892e-21
3.372906962334945998e-21
3.374337771192613742e-21
3.375772297971738656e-21
3.377210512308583196e-21
3.378652383097612322e-21
3.380097878537324986e-21
3.381546966174942103e-21
3.382999612950010811e-21
3.384455785236862945e-21
3.385915448886032317e-21
3.387378569264589401e-21
3.388845111295400216e-21
3.390315039495374841e-21
3.391788318012669084e-21
3.393264910662855480e-21
3.394744780964151253e-21
3.396227892171583265e-21
3.397714207310235884e-21
3.399203689207505044e-21
3.400696300524430720e-21
3.402192003786057405e-21
3.403690761410929428e-21
3.405192535739595470e-21
3.406697289062299823e-21
3.408204983645731754e-21
3.409715581758911960e-21
3.411229045698244699e-21
3.412745337811695739e-21
3.414264420522130714e-21
3.415786256349847002e-21
3.417310807934291592e-21
3.418838038054953663e-21
3.420367909651501838e-21
3.421900385843111190e-21
3.423435429947065019e-21
3.424973005496544875e-21
3.426513076257741997e-21
3.428055606246190099e-21
3.429600559742393992e-21
3.431147901306775103e-21
3.432697595793863919e-21
3.434249608365868769e-21
3.435803904505529903e-21
3.437360450028329581e-21
3.438919211094049915e-21
3.440480154217682962e-21
3.442043246279734441e-21
3.443608454535863175e-21
3.445175746625993136e-21
3.446745090582752937e-21
3.448316454839382675e-21
3.449889808237046444e-21
3.451465120031600179e-21
3.453042359899799765e-21
3.454621497944982532e-21
3.456202504702202570e-21
3.457785351142873268e-21
3.459370008678906563e-21
3.460956449166330828e-21
3.462544644908464140e-21
3.464134568658580495e-21
3.465726193622161486e-21
3.467319493458643183e-21
3.468914442282776321e-21
3.470511014665523064e-21
3.472109185634560298e-21
3.473708930674364651e-21
3.475310225725908549e-21
3.476913047185955304e-21
3.478517371906001348e-21
3.480123177190858126e-21
3.481730440796834490e-21
3.483339140929645269e-21
3.484949256241909811e-21
3.486560765830399256e-21
3.488173649232916687e-21
3.489787886424892138e-21
3.491403457815694746e-21
3.493020344244634185e-21
3.494638526976712336e-21
3.496257987698078545e-21
3.497878708511273478e-21
3.499500671930170546e-21
3.501123860874720223e-21
3.502748258665449860e-21
3.504373849017725767e-21
3.506000616035840763e-21
3.507628544206860975e-21
3.509257618394287575e-21
3.510887823831549996e-21
3.512519146115292259e-21
3.514151571198490032e-21
3.515785085383438287e-21
3.517419675314539599e-21
3.519055327970964541e-21
3.520692030659171410e-21
3.522329771005293530e-21
3.523968536947391151e-21
3.525608316727590492e-21
3.527249098884119721e-21
3.528890872243211023e-21
3.530533625910934954e-21
3.532177349264928725e-21
3.533822031946037967e-21
3.535467663849877246e-21
3.537114235118322115e-21
3.538761736130929700e-21
3.540410157496311888e-21
3.542059490043421244e-21
3.543709724812821888e-21
3.545360853047882874e-21
3.547012866185970827e-21
3.548665755849567343e-21
3.550319513837391651e-21
3.551974132115463099e-21
3.553629602808198994e-21
3.555285918189432694e-21
3.556943070673467064e-21
3.558601052806120404e-21
3.560259857255743795e-21
3.561919476804267777e-21
3.563579904338252046e-21
3.565241132839940408e-21
3.566903155378326271e-21
3.568565965100266287e-21
3.570229555221572919e-21
3.571893919018179245e-21
3.573559049817306006e-21
3.575224940988668535e-21
3.576891585935719792e-21
3.578558978086941553e-21
3.580227110887187500e-21
3.581895977789034598e-21
3.583565572244231510e-21
3.585235887695168084e-21
3.586906917566412544e-21
3.588578655256312633e-21
3.590251094128632108e-21
3.591924227504286546e-21
3.593598048653119776e-21
3.595272550785745005e-21
3.596947727045483747e-21
3.598623570500338611e-21
3.600300074135082691e-21
3.601977230843384319e-21
3.603655033420046923e-21
3.605333474553297780e-21
3.607012546817187369e-21
3.608692242664032349e-21
3.610372554417018786e-21
3.612053474262785064e-21
3.613734994244195137e-21
3.615417106253149390e-21
3.617099802023486536e-21
3.618783073123986322e-21
3.620466910951497869e-21
3.622151306724095098e-21
3.623836251474397668e-21
3.625521736042940054e-21
3.627207751071676053e-21
3.628894286997550238e-21
3.630581334046189031e-21
3.632268882225705380e-21
3.633956921320566628e-21
3.635645440885603064e-21
3.637334430240099984e-21
3.639023878462011625e-21
3.640713774382254092e-21
3.642404106579126932e-21
3.644094863372837027e-21
3.645786032820118022e-21
3.647477602708961854e-21
3.649169560553472912e-21
3.650861893588807953e-21
3.652554588766237899e-21
3.654247632748312700e-21
3.655941011904143555e-21
3.657634712304779931e-21
3.659328719718706198e-21
3.661023019607455620e-21
3.662717597121302595e-21
3.664412437095112124e-21
3.666107524044253983e-21
3.667802842160659828e-21
3.669498375308961560e-21
3.671194107022765100e-21
3.672890020501024223e-21
3.674586098604514453e-21
3.676282323852434097e-21
3.677978678419090289e-21
3.679675144130734000e-21
3.681371702462453717e-21
3.683068334535218093e-21
3.684765021113011126e-21
3.686461742600068142e-21
3.688158479038243449e-21
3.689855210104454712e-21
3.691551915108255981e-21
3.693248572989513791e-21
3.694945162316187068e-21
3.696641661282205604e-21
3.698338047705477918e-21
3.700034299025968339e-21
3.701730392303904236e-21
3.703426304218092329e-21
3.705122011064322282e-21
3.706817488753860556e-21
3.708512712812093238e-21
3.710207658377223026e-21
3.711902300199087340e-21
3.713596612638080251e-21
3.715290569664178988e-21
3.716984144856038896e-21
3.718677311400229839e-21
3.720370042090536546e-21
3.722062309327380826e-21
3.723754085117315267e-21
3.725445341072639550e-21
3.727136048411096514e-21
3.728826177955657747e-21
3.730515700134419764e-21
3.732204584980576925e-21
3.733892802132494412e-21
3.735580320833877496e-21
3.737267109934010022e-21
3.738953137888129819e-21
3.740638372757808615e-21
3.742322782211527562e-21
3.744006333525248240e-21
3.745688993583123604e-21
3.747370728878263833e-21
3.749051505513622563e-21
3.750731289202910202e-21
3.752410045271666727e-21
3.754087738658332234e-21
3.755764333915474718e-21
3.757439795211039671e-21
3.759114086329722303e-21
3.760787170674382656e-21
3.762459011267555496e-21
3.764129570753055763e-21
3.765798811397608834e-21
3.767466695092613205e-21
3.769133183355931002e-21
3.770798237333771781e-21
3.772461817802659836e-21
3.774123885171439875e-21
3.775784399483374477e-21
3.777443320418325059e-21
3.779100607294956911e-21
3.780756219073040537e-21
3.782410114355835745e-21
3.784062251392493787e-21
3.785712588080562582e-21
3.787361081968535556e-21
3.789007690258480992e-21
3.790652369808696202e-21
3.792295077136457993e-21
3.793935768420831819e-21
3.795574399505495976e-21
3.797210925901680149e-21
3.798845302791115999e-21
3.800477485029062977e-21
3.802107427147389812e-21
3.803735083357692114e-21
3.805360407554480685e-21
3.806983353318417988e-21
3.808603873919580189e-21
3.810221922320808729e-21
3.811837451181078442e-21
3.813450412858922852e-21
3.815060759415899342e-21
3.816668442620125795e-21
3.818273413949811214e-21
3.819875624596890912e-21
3.821475025470635378e-21
3.823071567201371232e-21
3.824665200144178107e-21
3.826255874382675811e-21
3.827843539732809229e-21
3.829428145746709965e-21
3.831009641716540677e-21
3.832587976678443236e-21
3.834163099416445501e-21
3.835734958466485463e-21
3.837303502120373693e-21
3.838868678429867888e-21
3.840430435210739142e-21
3.841988720046871320e-21
3.843543480294385249e-21
3.845094663085803550e-21
3.846642215334243293e-21
3.848186083737611666e-21
