3.227530879096752159e-21
3.229765255183812906e-21
3.232220426624469629e-21
3.233913080481746317e-21
3.234654257314141604e-21
3.234564469235733337e-21
3.233817381540005037e-21
3.232581784976443222e-21
3.231009135188914784e-21
3.229228995914509312e-21
3.227347746734365556e-21
3.225449655369565752e-21
3.223599317362415488e-21
3.221844617985665822e-21
3.220219691184333618e-21
3.218747612902145059e-21
3.217442728698937485e-21
3.216312602515500500e-21
3.215359614566685907e-21
3.214582252397852834e-21
3.213976142410064957e-21
3.213534866415474853e-21
3.213250602599878359e-21
3.213114624454734968e-21
3.213117685657231006e-21
3.213250313890402470e-21
3.213503032314949071e-21
3.213866523818428269e-21
3.214331750209334470e-21
3.214890036107506734e-21
3.215533125323192588e-21
3.216253215935458687e-21
3.217042979008680826e-21
3.217895564864779419e-21
3.218804600010840637e-21
3.219764177167827398e-21
3.220768840322875847e-21
3.221813566310672980e-21
3.222893744096561511e-21
3.224005152669149269e-21
3.225143938239743687e-21
3.226306591278270321e-21
3.227489923783650019e-21
3.228691047081224879e-21
3.229907350358174974e-21
3.231136480082832358e-21
3.232376320403759642e-21
3.233624974585117680e-21
3.234880747505223703e-21
3.236142129222022724e-21
3.237407779592312338e-21
3.238676513918782531e-21
3.239947289590042786e-21
3.241219193672405017e-21
3.242491431408129128e-21
3.243763315572635969e-21
3.245034256641809296e-21
3.246303753720738973e-21
3.247571386185693577e-21
3.248836805992471534e-21
3.250099730605849625e-21
3.251359936506630285e-21
3.252617253235095375e-21
3.253871557931524430e-21
3.255122770336977419e-21
3.256370848219396578e-21
3.257615783192661515e-21
3.258857596897958010e-21
3.260096337519180551e-21
3.261332076605910776e-21
3.262564906179360914e-21
3.263794936098578445e-21
3.265022291665736530e-21
3.266247111451011305e-21
3.267469545318988929e-21
3.268689752639904360e-21
3.269907900670374375e-21
3.271124163089366939e-21
3.272338718676411791e-21
3.273551750120006892e-21
3.274763442945057513e-21
3.275973984549302635e-21
3.277183563339252498e-21
3.278392367957081955e-21
3.279600586590567514e-21
3.280808406358814618e-21
3.282016012767070886e-21
3.283223589224606792e-21
3.284431316619937520e-21
3.285639372948331188e-21
3.286847932986855942e-21
3.288057168012646121e-21
3.289267245560440087e-21
3.290478329215735356e-21
3.291690578440283916e-21
3.292904148426853413e-21
3.294119189980473636e-21
3.295335849423653679e-21
3.296554268523231584e-21
3.297774584436651053e-21
3.298996929675891264e-21
3.300221432087066684e-21
3.301448214844243024e-21
3.302677396455903028e-21
3.303909090782704146e-21
3.305143407065352982e-21
3.306380449961397332e-21
3.307620319589994273e-21
3.308863111583626271e-21
3.310108917146028413e-21
3.311357823115426999e-21
3.312609912032497404e-21
3.313865262212372795e-21
3.315123947820061594e-21
3.316386038948837710e-21
3.317651601701112680e-21
3.318920698271276601e-21
3.320193387030268656e-21
3.321469722611352835e-21
3.322749755996962714e-21
3.324033534606173275e-21
3.325321102382662866e-21
3.326612499882845942e-21
3.327907764364062218e-21
3.329206929872548040e-21
3.330510027331118477e-21
3.331817084626325813e-21
3.333128126695018808e-21
3.334443175610237673e-21
3.335762250666193471e-21
3.337085368462425609e-21
3.338412542986918888e-21
3.339743785698239143e-21
3.341079105606489636e-21
3.342418509353153639e-21
3.343762001289773565e-21
3.345109583555341378e-21
3.346461256152493194e-21
3.347817017022387708e-21
3.349176862118312833e-21
3.350540785477982545e-21
3.351908779294507407e-21
3.353280833986060192e-21
3.354656938264198627e-21
3.356037079200867438e-21
3.357421242294079335e-21
3.358809411532292982e-21
3.360201569457422503e-21
3.361597697226614317e-21
