7.494114091059659330e-22
8.103491291822830634e-22
8.612907294205744856e-22
8.689330165565625428e-22
8.392089321545787286e-22
7.874172412611360053e-22
7.254681887406424609e-22
6.609166839727696633e-22
5.982025409569083785e-22
5.397445633286590913e-22
4.866861340635301081e-22
4.393883943648675560e-22
3.977534548872958772e-22
3.614323514679552381e-22
3.299553758963323392e-22
3.028111162888072191e-22
2.794923606837169776e-22
2.595210741851497903e-22
2.424604746106204488e-22
2.279193782292147987e-22
2.155520910617360303e-22
2.050558850372945282e-22
1.961673041419046215e-22
1.886580418243761501e-22
1.823308150844973122e-22
1.770154653637808587e-22
1.725653976491327436e-22
1.688543987489310024e-22
1.657738353657476884e-22
1.632302108235713292e-22
1.611430488045849318e-22
1.594430686209766197e-22
1.580706165307382907e-22
1.569743196413888555e-22
1.561099319644308313e-22
1.554393455544189085e-22
1.549297430295567902e-22
1.545528709327417940e-22
1.542844162611384063e-22
1.541034710367745420e-22
1.539920720124727998e-22
1.539348045268416103e-22
1.539184611679457550e-22
1.539317473092436331e-22
1.539650267747306683e-22
1.540101019021589070e-22
1.540600231300748597e-22
1.541089239594280603e-22
1.541518777538556510e-22
1.541847733617347886e-22
1.542042069824826790e-22
1.542073880719100119e-22
1.541920573972098324e-22
1.541564156203387262e-22
1.540990610165794590e-22
1.540189351292092948e-22
1.539152753267796864e-22
1.537875733708826642e-22
1.536355392232183156e-22
1.534590694243637427e-22
1.532582194655206872e-22
1.530331796508839446e-22
1.527842540140086832e-22
1.525118419081852589e-22
1.522164219397382298e-22
1.518985379554357332e-22
1.515587868317844826e-22
1.511978078457087346e-22
1.508162734336497851e-22
1.504148811700624371e-22
1.499943468171076156e-22
1.495553983155099176e-22
1.490987706023731341e-22
1.486252011555922225e-22
1.481354261765920254e-22
1.476301773337190071e-22
1.471101789978857317e-22
1.465761459102139351e-22
1.460287812285640643e-22
1.454687749061239158e-22
1.448968023607446337e-22
1.443135233985821455e-22
1.437195813598783475e-22
1.431156024584956864e-22
1.425021952901424437e-22
1.418799504871715169e-22
1.412494405004269346e-22
1.406112194909078291e-22
1.399658233160461384e-22
1.393137695971864469e-22
1.386555578564476174e-22
1.379916697125468903e-22
1.373225691264078145e-22
1.366487026884855553e-22
1.359704999407039526e-22
1.352883737267770760e-22
1.346027205654438448e-22
1.339139210418283953e-22
1.332223402127381197e-22
1.325283280222443652e-22
1.318322197243642244e-22
1.311343363100771957e-22
1.304349849362811042e-22
1.297344593546243367e-22
1.290330403384334000e-22
1.283309961062144538e-22
1.276285827404387364e-22
1.269260446005136908e-22
1.262236147290224560e-22
1.255215152504696544e-22
1.248199577619089550e-22
1.241191437149448129e-22
1.234192647887100559e-22
1.227205032535133845e-22
1.220230323249268112e-22
1.213270165081627411e-22
1.206326119326419040e-22
1.199399666767152765e-22
1.192492210825418487e-22
1.185605080611707628e-22
1.178739533879049568e-22
1.171896759880555899e-22
1.165077882132189963e-22
1.158283961082316880e-22
1.151515996689724872e-22
1.144774930911970249e-22
1.138061650106015698e-22
1.131376987343211713e-22
1.124721724640739635e-22
1.118096595111714721e-22
1.111502285036120131e-22
1.104939435854852772e-22
1.098408646089085760e-22
1.091910473187208198e-22
1.085445435301579244e-22
1.079014012997290412e-22
1.072616650895150969e-22
1.066253759251043827e-22
1.059925715473778386e-22
1.053632865583535785e-22
1.047375525612951077e-22
1.041153982952821278e-22
1.034968497644420346e-22
1.028819303620300475e-22
1.022706609895463070e-22
1.016630601710685577e-22
1.010591441629775404e-22
1.004589270592455152e-22
9.986242089245270954e-23
