4.318265291905200128e-24
4.341418808405552033e-24
4.376175947876904520e-24
4.420576668473665971e-24
4.474054165012534566e-24
4.534582436525485039e-24
4.598368406642811209e-24
4.660859824677671263e-24
4.717753011521899700e-24
4.765598057834629894e-24
4.802023737464178904e-24
4.825712573790369958e-24
4.836246732711744061e-24
4.833907537580127264e-24
4.819476535056697399e-24
4.794061481160560303e-24
4.758955573002726556e-24
4.715530033300296016e-24
4.665156259363319940e-24
4.609152356625246960e-24
4.548748811247064472e-24
4.485068610515848933e-24
4.419117897178918475e-24
4.351784038124612795e-24
4.283838703104448901e-24
4.215944150572617747e-24
4.148661401685345909e-24
4.082459361099200770e-24
4.017724230851286517e-24
3.954768778377566788e-24
3.893841177189694247e-24
3.835133252106887095e-24
3.778788040992310039e-24
3.724906640184776581e-24
3.673554337839792770e-24
3.624766063220037712e-24
3.578551194381285722e-24
3.534897774489824504e-24
3.493776190245810074e-24
3.455142366073020364e-24
3.418940525949590098e-24
3.385105571762958549e-24
3.353565123413011764e-24
3.324241261929518734e-24
3.297052012861232825e-24
3.271912603295496172e-24
3.248736522178188861e-24
3.227436410180493812e-24
3.207924802227162828e-24
3.190114742968387114e-24
3.173920292935956817e-24
3.159256940861047343e-24
3.146041935625222712e-24
3.134194549547368588e-24
3.123636283154635174e-24
3.114291020223312830e-24
3.106085140685222793e-24
3.098947597956859263e-24
3.092809966344789497e-24
3.087606463395065990e-24
3.083273951372370482e-24
3.079751921463198515e-24
3.076982463784951900e-24
3.074910225839556218e-24
3.073482361666519259e-24
3.072648473619171353e-24
3.072360548401608540e-24
3.072572888756986587e-24
3.073242041984955726e-24
3.074326726282641894e-24
3.075787755745642283e-24
3.077587964729719843e-24
3.079692132157232282e-24
3.082066906252093780e-24
3.084680730101174617e-24
3.087503768366555685e-24
3.090507835410108242e-24
3.093666325038192511e-24
3.096954142028630896e-24
3.100347635563106838e-24
3.103824534655302935e-24
3.107363885637200350e-24
3.110945991742495418e-24
3.114552354806419986e-24
3.118165619084805061e-24
3.121769517181701028e-24
3.125348818063435329e-24
3.128889277128068302e-24
3.132377588291552469e-24
3.135801338046144328e-24
3.139148961442022987e-24
3.142409699939314632e-24
3.145573561075428143e-24
3.148631279890510759e-24
3.151574282052904405e-24
3.154394648625674418e-24
3.157085082415348891e-24
3.159638875844096131e-24
3.162049880287257206e-24
3.164312476818891505e-24
3.166421548309163939e-24
3.168372452818462952e-24
3.170160998234635751e-24
3.171783418101065815e-24
3.173236348584925917e-24
3.174516806536511048e-24
3.175622168592073471e-24
3.176550151274392028e-24
3.177298792046800355e-24
3.177866431278090228e-24
3.178251695077369268e-24
3.178453478959409806e-24
3.178470932302817635e-24
3.178303443564687937e-24
3.177950626216977280e-24
3.177412305371326291e-24
3.176688505060482239e-24
3.175779436145702128e-24
3.174685484821083566e-24
3.173407201686844089e-24
3.171945291364919574e-24
3.170300602631385281e-24
3.168474119041432897e-24
3.166466950023591341e-24
3.164280322421114431e-24
3.161915572459315909e-24
3.159374138118713403e-24
3.156657551894701750e-24
3.153767433925408774e-24
3.150705485470238139e-24
3.147473482722372343e-24
3.144073270939368903e-24
3.140506758876638809e-24
3.136775913509379178e-24
3.132882755029154286e-24
3.128829352102027391e-24
3.124617817375708556e-24
3.120250303223774693e-24
3.115728997715660203e-24
3.111056120801533854e-24
3.106233920701778904e-24
3.101264670491247494e-24
3.096150664868915479e-24
3.090894217104046552e-24
3.085497656150320186e-24
3.079963323919896966e-24
3.074293572709642853e-24
3.068490762772194186e-24
3.062557260024881726e-24
