.030523	0
.061046	.0001578
.091569	.0004911
.12209	.0005524
.15261	.0007324
.18313	.0007366
.21366	.0008375
.24418	.000809
.2747	.0008964
.30523	.0008524
.33575	.0009392
.36627	.0008945
.3968	.0009826
.42732	.0009374
.45784	.0010271
.48837	.0009865
.51889	.0010771
.54941	.0010348
.57994	.0011281
.61046	.0010876
.64098	.0011812
.67151	.0011402
.70203	.0012353
.73255	.0011937
.76308	.0012901
.7936	.0012478
.82412	.0013442
.85465	.0013006
.88517	.0013972
.91569	.0013526
.94622	.00145
.97674	.0014034
1.0072	.0015011
1.0377	.0014523
1.0683	.0015509
1.0988	.0015001
1.1293	.001599
1.1598	.0015457
1.1904	.0016451
1.2209	.0015895
1.2514	.0016891
1.2819	.0016308
1.3125	.001731
1.343	.0016695
1.3735	.0017701
1.404	.0017056
1.4345	.001807
1.4651	.0017388
1.4956	.0018408
1.5261	.0017689
1.5566	.0018719
1.5872	.0017957
1.6177	.0018996
1.6482	.0018186
1.6787	.0019241
1.7093	.001838
1.7398	.0019447
1.7703	.0018533
1.8008	.0019615
1.8313	.001864
1.8619	.0019741
1.8924	.0018701
1.9229	.0019822
1.9534	.0018708
1.984	.0019854
2.0145	.0018657
2.045	.0019831
2.0755	.0018541
2.1061	.0019748
2.1366	.0018352
2.1671	.00196
2.1976	.0018081
2.2282	.0019376
2.2587	.0017715
2.2892	.0019066
2.3197	.0017239
2.3502	.0018653
2.3808	.001663
2.4113	.0018124
2.4418	.0015858
2.4723	.0017448
2.5029	.0014884
2.5334	.0016593
2.5639	.0013647
2.5944	.0015505
2.625	.0012055
2.6555	.0014105
2.686	.0009961
2.7165	.0012269
2.747	.0007104
2.7776	.0009774
2.8081	.0002974
2.8386	.000619
2.8691	-.0003627
2.8997	.0000512
2.9302	-.0016587
2.9607	-.0010469
2.9912	-.0066051
3.0218	-.0051244
3.0523	.001618
3.0828	.0011179
3.1133	.003233
3.1438	.0032328
3.1744	.0043502
3.2049	.0038236
3.2354	.0040748
3.2659	.0033493
3.2965	.0032795
3.327	.002393
3.3575	.0021611
3.388	.0016931
3.4186	.0022094
3.4491	.0025707
3.4796	.0033726
3.5101	.0035401
3.5407	.0038619
3.5712	.003728
3.6017	.0039621
3.6322	.0039614
3.6627	.0043759
3.6933	.004624
3.7238	.0052304
3.7543	.0055363
3.7848	.0059077
3.8154	.005799
3.8459	.0058025
3.8764	.005725
3.9069	.0062463
3.9375	.0070165
3.968	.008269
3.9985	.0092937
4.029	.010174
4.0596	.01044
4.0901	.010552
4.1206	.010404
4.1511	.010547
4.1816	.010764
4.2122	.011311
4.2427	.011709
4.2732	.012037
4.3037	.011878
4.3343	.011548
4.3648	.010985
4.3953	.010714
4.4258	.010635
4.4564	.010963
4.4869	.011267
4.5174	.011578
4.5479	.011551
4.5784	.011436
4.609	.011137
4.6395	.011028
4.67	.011003
4.7005	.01127
4.7311	.011502
4.7616	.01174
4.7921	.011709
4.8226	.011673
4.8532	.011607
4.8837	.011816
4.9142	.012086
4.9447	.01244
4.9752	.012561
5.0058	.012601
5.0363	.01249
5.0668	.012515
5.0973	.012554
5.1279	.012735
5.1584	.012859
5.1889	.013102
5.2194	.013385
5.25	.013913
5.2805	.014503
5.311	.015195
5.3415	.01576
5.3721	.01637
5.4026	.017021
5.4331	.017981
5.4636	.019106
5.4941	.020362
5.5247	.021405
5.5552	.022243
5.5857	.022741
5.6162	.023048
5.6468	.023002
5.6773	.022674
5.7078	.021994
5.7383	.021276
5.7689	.020602
5.7994	.020082
5.8299	.019329
5.8604	.018112
5.8909	.016204
5.9215	.01396
5.952	.011695
5.9825	.0097751
6.013	.007953
6.0436	.0059008
6.0741	.0031389
6.1046	-.0002297
6.1351	-.0039317
6.1657	-.0074635
6.1962	-.010868
6.2267	-.014305
6.2572	-.017925
6.2877	-.021015
6.3183	-.022679
6.3488	-.022582
6.3793	-.022257
6.4098	-.0243
6.4404	-.030956
6.4709	-.042082
6.5014	-.055382
6.5319	-.067689
6.5625	-.077478
6.593	-.085619
6.6235	-.095082
6.654	-.10875
6.6846	-.12782
6.7151	-.15025
6.7456	-.17166
6.7761	-.18752
6.8066	-.19697
6.8372	-.20375
6.8677	-.21389
6.8982	-.23046
6.9287	-.25109
6.9593	-.2696
6.9898	-.28153
7.0203	-.28774
7.0508	-.29342
7.0814	-.30307
7.1119	-.31727
7.1424	-.33293
7.1729	-.34667
7.2034	-.35704
7.234	-.36492
7.2645	-.37201
7.295	-.38035
7.3255	-.39193
7.3561	-.40848
7.3866	-.43009
7.4171	-.45482
7.4476	-.47939
7.4782	-.50185
7.5087	-.52293
7.5392	-.54533
7.5697	-.57022
7.6002	-.59488
7.6308	-.61333
7.6613	-.6214
7.6918	-.62089
7.7223	-.61933
7.7529	-.62359
7.7834	-.6343
7.8139	-.64554
7.8444	-.65152
7.875	-.65256
7.9055	-.65487
7.936	-.66326
7.9665	-.67533
7.9971	-.68205
8.0276	-.67518
8.0581	-.65399
8.0886	-.62659
8.1192	-.60408
8.1497	-.59403
8.1802	-.59625
8.2107	-.60419
8.2412	-.60908
8.2718	-.60523
8.3023	-.59119
8.3328	-.5677
8.3633	-.53454
8.3939	-.49233
8.4244	-.44645
8.4549	-.40849
8.4854	-.38932
8.516	-.38954
8.5465	-.39438
8.577	-.38083
8.6075	-.33321
8.638	-.25665
8.6686	-.17226
8.6991	-.097776
8.7296	-.02904
8.7601	.061337
8.7907	.20872
8.8212	.43329
8.8517	.72974
8.8822	1.0755
8.9128	1.4466
8.9433	1.8213
8.9738	2.1788
9.0043	2.5001
9.0348	2.7733
9.0654	2.9944
9.0959	3.1624
9.1264	3.2764
9.1569	3.3398
9.1875	3.3645
9.218	3.3684
9.2485	3.3682
9.279	3.374
9.3096	3.3877
9.3401	3.406
9.3706	3.4242
9.4011	3.44
9.4317	3.4534
9.4622	3.4673
9.4927	3.4852
9.5232	3.5098
9.5537	3.5405
9.5843	3.5727
9.6148	3.5999
9.6453	3.6191
9.6758	3.6336
9.7064	3.6512
9.7369	3.6773
9.7674	3.7093
9.7979	3.7377
9.8285	3.7545
9.859	3.7615
9.8895	3.7694
9.92	3.787
9.9505	3.8138
9.9811	3.8404
10.011	3.8589
10.042	3.8707
10.072	3.8849
10.103	3.9079
10.133	3.9369
10.164	3.9636
10.194	3.9833
10.225	4.0005
10.255	4.0232
10.286	4.0518
10.316	4.0776
10.347	4.0905
10.377	4.0933
10.408	4.103
10.438	4.1374
10.469	4.1978
10.5	4.2647
10.53	4.3111
10.561	4.3273
10.591	4.3333
10.622	4.3609
10.652	4.4246
10.683	4.5107
10.713	4.5899
10.744	4.6432
10.774	4.6776
10.805	4.7133
10.835	4.7569
10.866	4.7936
10.896	4.8068
10.927	4.8019
10.957	4.8071
10.988	4.8486
11.018	4.9278
11.049	5.0218
11.079	5.1034
11.11	5.1628
11.141	5.2103
11.171	5.2595
11.202	5.314
11.232	5.3706
11.263	5.4302
11.293	5.4976
11.324	5.5708
11.354	5.6338
11.385	5.6694
11.415	5.6818
11.446	5.7023
11.476	5.7643
11.507	5.8709
11.537	5.987
11.568	6.0669
11.598	6.0967
11.629	6.1068
11.659	6.1383
11.69	6.2016
11.72	6.2706
11.751	6.3152
11.781	6.3356
11.812	6.3587
11.843	6.4006
11.873	6.4418
11.904	6.4446
11.934	6.3969
11.965	6.3308
11.995	6.2916
12.026	6.2912
12.056	6.2949
12.087	6.2557
12.117	6.1628
12.148	6.0525
12.178	5.97
12.209	5.9267
12.239	5.8957
12.27	5.8452
12.3	5.7732
12.331	5.7057
12.361	5.6629
12.392	5.6377
12.422	5.6096
12.453	5.5782
12.484	5.5719
12.514	5.6182
12.545	5.7047
12.575	5.7769
12.606	5.7832
12.636	5.7251
12.667	5.654
12.697	5.6185
12.728	5.6232
12.758	5.6329
12.789	5.6116
12.819	5.5553
12.85	5.487
12.88	5.4275
12.911	5.377
12.941	5.3215
12.972	5.2513
13.002	5.1705
13.033	5.093
13.063	5.0319
13.094	4.991
13.125	4.9627
13.155	4.9306
13.186	4.878
13.216	4.7981
13.247	4.6986
13.277	4.595
13.308	4.5008
13.338	4.42
13.369	4.3487
13.399	4.2809
13.43	4.2142
13.46	4.1513
13.491	4.0956
13.521	4.0465
13.552	3.9979
13.582	3.9425
13.613	3.8793
13.643	3.8148
13.674	3.7588
13.704	3.7167
13.735	3.6865
13.766	3.6619
13.796	3.6384
13.827	3.6148
13.857	3.5903
13.888	3.562
13.918	3.5275
13.949	3.4885
13.979	3.4505
14.01	3.4175
14.04	3.3866
14.071	3.3506
14.101	3.3064
14.132	3.2612
14.162	3.2283
14.193	3.2152
14.223	3.2151
14.254	3.2118
14.284	3.1941
14.315	3.1664
14.345	3.1434
14.376	3.1346
14.406	3.1353
14.437	3.1328
14.468	3.1197
14.498	3.1006
14.529	3.0853
14.559	3.0791
14.59	3.0799
14.62	3.0838
14.651	3.0887
14.681	3.0913
14.712	3.0837
14.742	3.0601
14.773	3.0262
14.803	3.0002
14.834	2.9984
14.864	3.0184
14.895	3.0357
14.925	3.0229
14.956	2.9764
14.986	2.9205
15.017	2.8851
15.047	2.8812
15.078	2.8923
15.109	2.8897
15.139	2.8596
15.17	2.8143
15.2	2.7774
15.231	2.7602
15.261	2.7532
15.292	2.7374
15.322	2.7041
15.353	2.6622
15.383	2.6269
15.414	2.6041
15.444	2.5882
15.475	2.5703
15.505	2.5489
15.536	2.5286
15.566	2.5129
15.597	2.5
15.627	2.4883
15.658	2.4819
15.688	2.4877
15.719	2.5061
15.75	2.5255
15.78	2.5301
15.811	2.515
15.841	2.4906
15.872	2.4711
15.902	2.4618
15.933	2.4567
15.963	2.4475
15.994	2.4344
16.024	2.4255
16.055	2.4268
16.085	2.4352
16.116	2.4411
16.146	2.4368
16.177	2.4232
16.207	2.4067
16.238	2.394
16.268	2.3888
16.299	2.3926
16.329	2.404
16.36	2.4177
16.391	2.4254
16.421	2.4211
16.452	2.4072
16.482	2.3945
16.513	2.3942
16.543	2.4079
16.574	2.425
16.604	2.4307
16.635	2.4202
16.665	2.405
16.696	2.4028
16.726	2.4225
16.757	2.4543
16.787	2.4769
16.818	2.4764
16.848	2.4595
16.879	2.4461
16.909	2.4506
16.94	2.4698
16.97	2.4863
17.001	2.4858
17.032	2.4712
17.062	2.4586
17.093	2.4616
17.123	2.4776
17.154	2.4891
17.184	2.4803
17.215	2.4519
17.245	2.4214
17.276	2.4076
17.306	2.4157
17.337	2.4335
17.367	2.4415
17.398	2.4294
17.428	2.4027
17.459	2.3751
17.489	2.3557
17.52	2.3453
17.55	2.3395
17.581	2.335
17.611	2.3318
17.642	2.3302
17.672	2.3286
17.703	2.3255
17.734	2.3223
17.764	2.3211
17.795	2.3211
17.825	2.3172
17.856	2.3046
17.886	2.2853
17.917	2.2679
17.947	2.2588
17.978	2.2553
18.008	2.2475
18.039	2.2289
18.069	2.2054
18.1	2.1907
18.13	2.1932
18.161	2.2066
18.191	2.214
18.222	2.203
18.252	2.1781
18.283	2.1553
18.313	2.1471
18.344	2.1529
18.375	2.1605
18.405	2.1576
18.436	2.1424
18.466	2.1228
18.497	2.108
18.527	2.1018
18.558	2.1017
18.588	2.1025
18.619	2.0998
18.649	2.0917
18.68	2.0785
18.71	2.0617
18.741	2.0437
18.771	2.0268
18.802	2.0123
18.832	2.0001
18.863	1.9887
18.893	1.976
18.924	1.961
18.954	1.9435
18.985	1.9249
19.016	1.9074
19.046	1.8929
19.077	1.8819
19.107	1.8723
19.138	1.8603
19.168	1.8431
19.199	1.8211
19.229	1.7983
19.26	1.7795
19.29	1.7668
19.321	1.7585
19.351	1.7508
19.382	1.7412
19.412	1.7298
19.443	1.7182
19.473	1.7064
19.504	1.6933
19.534	1.6784
19.565	1.6635
19.595	1.6517
19.626	1.6444
19.657	1.64
19.687	1.6355
19.718	1.63
19.748	1.6256
19.779	1.6246
19.809	1.6261
19.84	1.6256
19.87	1.6185
19.901	1.6049
19.931	1.5896
19.962	1.5782
19.992	1.5725
20.023	1.569
20.053	1.5625
20.084	1.5515
20.114	1.5392
20.145	1.5307
20.175	1.5286
20.206	1.5307
20.236	1.533
20.267	1.5342
20.297	1.5359
20.328	1.5394
20.359	1.5413
20.389	1.536
20.42	1.521
20.45	1.5008
20.481	1.4831
20.511	1.4721
20.542	1.4659
20.572	1.4585
20.603	1.4464
20.633	1.4317
20.664	1.4192
20.694	1.4116
20.725	1.4067
20.755	1.4
20.786	1.3884
20.816	1.3731
20.847	1.3576
20.877	1.3451
20.908	1.3359
20.938	1.3281
20.969	1.3192
21	1.3082
21.03	1.2957
21.061	1.2834
21.091	1.2721
21.122	1.2614
21.152	1.2502
21.183	1.2383
21.213	1.2268
21.244	1.2172
21.274	1.21
21.305	1.2036
21.335	1.1951
21.366	1.183
21.396	1.1682
21.427	1.1535
21.457	1.1408
21.488	1.1302
21.518	1.1203
21.549	1.1095
21.579	1.0981
21.61	1.087
21.641	1.0764
21.671	1.0654
21.702	1.0529
21.732	1.0397
21.763	1.0279
21.793	1.0195
21.824	1.0138
21.854	1.0076
21.885	.99779
21.915	.98421
21.946	.96998
21.976	.95849
22.007	.95071
22.037	.94458
22.068	.93686
22.098	.9259
22.129	.91288
22.159	.90049
22.19	.89071
22.22	.88348
22.251	.8769
22.282	.86881
22.312	.85858
22.343	.8476
22.373	.83804
22.404	.83106
22.434	.82586
22.465	.82042
22.495	.81316
22.526	.80424
22.556	.79504
22.587	.78678
22.617	.7797
22.648	.77343
22.678	.76762
22.709	.76214
22.739	.75683
22.77	.75137
22.8	.74573
22.831	.74036
22.861	.73569
22.892	.73134
22.922	.72599
22.953	.71863
22.984	.70974
23.014	.701
23.045	.69382
23.075	.68815
23.106	.68275
23.136	.6766
23.167	.67
23.197	.66422
23.228	.66018
23.258	.6576
23.289	.65536
23.319	.65259
23.35	.64938
23.38	.64638
23.411	.64401
23.441	.64193
23.472	.6395
23.502	.63643
23.533	.63303
23.563	.6298
23.594	.62673
23.625	.62333
23.655	.61927
23.686	.61503
23.716	.61165
23.747	.60983
23.777	.60903
23.808	.60778
23.838	.60496
23.869	.60087
23.899	.59689
23.93	.594
23.96	.59175
23.991	.58871
24.021	.58388
24.052	.57784
24.082	.57216
24.113	.56812
24.143	.5657
24.174	.56364
24.204	.56046
24.235	.55541
24.266	.54886
24.296	.54189
24.327	.53573
24.357	.53133
24.388	.52905
24.418	.52847
24.449	.52846
24.479	.52765
24.51	.52527
24.54	.52166
24.571	.51796
24.601	.5154
24.632	.51441
24.662	.51431
24.693	.51381
24.723	.51205
24.754	.50938
24.784	.50696
24.815	.50569
24.845	.50527
24.876	.5044
24.907	.50203
24.937	.49842
24.968	.49486
24.998	.49239
25.029	.49084
25.059	.48907
25.09	.4863
25.12	.48306
25.151	.48069
25.181	.48001
25.212	.48042
25.242	.48038
25.273	.47886
25.303	.47626
25.334	.47384
25.364	.47237
25.395	.47126
25.425	.46915
25.456	.46532
25.486	.46053
25.517	.4565
25.547	.45469
25.578	.4552
25.609	.45674
25.639	.4576
25.67	.45687
25.7	.45504
25.731	.45325
25.761	.45233
25.792	.45218
25.822	.452
25.853	.45123
25.883	.45002
25.914	.44889
25.944	.44789
25.975	.44638
26.005	.44391
26.036	.44117
26.066	.43985
26.097	.44103
26.127	.44364
26.158	.44482
26.188	.44265
26.219	.43827
26.25	.43496
26.28	.43515
26.311	.43799
26.341	.43984
26.372	.43795
26.402	.43307
26.433	.42826
26.463	.42576
26.494	.42517
26.524	.42441
26.555	.42234
26.585	.41981
26.616	.41817
26.646	.41734
26.677	.41564
26.707	.41169
26.738	.40596
26.768	.40035
26.799	.39646
26.829	.39438
26.86	.39288
26.891	.39064
26.921	.38742
26.952	.38422
26.982	.38253
27.013	.38326
27.043	.38586
27.074	.38822
27.104	.38808
27.135	.38475
27.165	.37966
27.196	.37506
27.226	.37234
27.257	.37122
27.287	.37044
27.318	.36896
27.348	.36657
27.379	.3635
27.409	.35985
27.44	.35583
27.47	.35199
27.501	.34906
27.532	.34731
27.562	.34626
27.593	.3453
27.623	.34461
27.654	.3451
27.684	.34729
27.715	.35017
27.745	.35159
27.776	.34999
27.806	.34575
27.837	.3409
27.867	.33761
27.898	.33701
27.928	.33876
27.959	.34154
27.989	.34387
28.02	.34464
28.05	.34327
28.081	.3399
28.111	.33559
28.142	.33225
28.172	.3318
28.203	.3347
28.234	.339
28.264	.34124
28.295	.33924
28.325	.33391
28.356	.3285
28.386	.32603
28.417	.32712
28.447	.32975
28.478	.33133
28.508	.33108
28.539	.33024
28.569	.33024
28.6	.3311
28.63	.33156
28.661	.33064
28.691	.32864
28.722	.32673
28.752	.32584
28.783	.32611
28.813	.3273
28.844	.32919
28.875	.3314
28.905	.33309
28.936	.33319
28.966	.33116
28.997	.32741
29.027	.32292
29.058	.31881
29.088	.3162
29.119	.31625
29.149	.31959
29.18	.32528
29.21	.33042
29.241	.3317
29.271	.32792
29.302	.321
29.332	.31486
29.363	.31301
29.393	.31653
29.424	.32319
29.454	.32898
29.485	.33103
29.516	.32917
29.546	.32515
29.577	.3208
29.607	.31703
29.638	.31416
29.668	.31272
29.699	.31355
29.729	.31672
29.76	.32047
29.79	.32211
29.821	.32053
29.851	.31778
29.882	.31758
29.912	.32176
29.943	.32779
29.973	.33053
30.004	.32734
30.034	.32061
30.065	.31528
30.095	.31459
30.126	.31759
30.157	.32066
30.187	.32143
30.218	.3205
30.248	.31974
30.279	.31991
30.309	.32052
30.34	.3213
30.37	.32291
30.401	.3257
30.431	.32847
30.462	.32922
30.492	.32742
30.523	.32488
30.553	.32397
30.584	.32514
30.614	.32626
30.645	.32498
30.675	.32149
30.706	.31847
30.736	.31824
30.767	.31983
30.797	.31946
30.828	.31461
30.859	.30744
30.889	.30384
30.92	.30897
30.95	.3222
30.981	.33638
31.011	.34413
31.042	.3443
31.072	.34102
31.103	.33828
31.133	.33658
31.164	.33402
31.194	.32994
31.225	.32649
31.255	.32647
31.286	.32994
31.316	.33337
31.347	.33294
31.377	.32839
31.408	.32315
31.438	.32124
31.469	.32382
31.5	.3285
31.53	.33172
31.561	.332
31.591	.33027
31.622	.32789
31.652	.32505
31.683	.32152
31.713	.3182
31.744	.31718
31.774	.31951
31.805	.32312
31.835	.32389
31.866	.31956
31.896	.31188
31.927	.30464
31.957	.29995
31.988	.29652
32.018	.29179
32.049	.28571
32.08	.28172
32.11	.28351
32.141	.29055
32.171	.2972
32.202	.29763
32.232	.29135
32.263	.28289
32.293	.27749
32.324	.27746
32.354	.28142
32.385	.28649
32.415	.29061
32.446	.29268
32.476	.29168
32.507	.28699
32.537	.27958
32.568	.27228
32.598	.26815
32.629	.26837
32.659	.27131
32.69	.27386
32.72	.27376
32.751	.27079
32.782	.26653
32.812	.26348
32.843	.26404
32.873	.26883
32.904	.27504
32.934	.27747
32.965	.27268
32.995	.26221
33.026	.25161
33.056	.24682
33.087	.25021
33.117	.25845
33.148	.26508
33.178	.26591
33.209	.26138
33.239	.25426
33.27	.24685
33.3	.24039
33.331	.2365
33.361	.23794
33.392	.24665
33.423	.25999
33.453	.27008
33.484	.27003
33.514	.26016
33.545	.24711
33.575	.23828
33.606	.23677
33.636	.23975
33.667	.24236
33.697	.24342
33.728	.24562
33.758	.25012
33.789	.25264
33.819	.24704
33.85	.23282
33.88	.21693
33.911	.20932
33.941	.21572
33.972	.23083
34.002	.24083
34.033	.23725
34.064	.22413
34.094	.21191
34.125	.20899
34.155	.21581
34.186	.22423
34.216	.22526
34.247	.21734
34.277	.20576
34.308	.19702
34.338	.19416
34.369	.19531
34.399	.1964
34.43	.19584
34.46	.19626
34.491	.20139
34.521	.21103
34.552	.21939
34.582	.22013
34.613	.21292
34.643	.20363
34.674	.19891
34.705	.20015
34.735	.20138
34.766	.19509
34.796	.18047
34.827	.16453
34.857	.15706
34.888	.16399
34.918	.18123
34.949	.19618
34.979	.19993
35.01	.1944
35.04	.18709
35.071	.18322
35.101	.18208
35.132	.17924
35.162	.17269
35.193	.16612
35.223	.16609
35.254	.17545
35.284	.18777
35.315	.19096
35.345	.17918
35.376	.15754
35.407	.13682
35.437	.12684
35.468	.131
35.498	.14286
35.529	.15124
35.559	.15142
35.59	.14782
35.62	.14736
35.651	.15277
35.681	.16069
35.712	.16573
35.742	.16585
35.773	.1628
35.803	.15899
35.834	.15536
35.864	.15205
35.895	.15005
35.925	.15106
35.956	.15549
35.986	.1607
36.017	.16244
36.048	.15843
36.078	.14995
36.109	.14013
36.139	.13165
36.17	.12617
36.2	.12581
36.231	.13431
36.261	.15485
36.292	.18358
36.322	.20747
36.353	.21491
36.383	.20559
36.414	.18762
36.444	.16987
36.475	.1568
36.505	.14754
36.536	.13957
36.566	.13386
36.597	.13556
36.627	.14849
36.658	.16712
36.689	.17801
36.719	.17372
36.75	.16007
36.78	.15003
36.811	.15437
36.841	.17243
36.872	.18968
36.902	.19218
36.933	.18043
36.963	.16496
36.994	.15655
37.024	.15926
37.055	.16828
37.085	.17495
37.116	.17557
37.146	.17253
37.177	.16875
37.207	.16333
37.238	.1535
37.268	.13987
37.299	.12896
37.33	.12993
37.36	.14705
37.391	.17098
37.421	.18434
37.452	.18021
37.482	.16634
37.513	.15548
37.543	.15607
37.574	.16644
37.604	.17628
37.635	.17747
37.665	.17132
37.696	.1646
37.726	.16243
37.757	.16427
37.787	.16549
37.818	.16282
37.848	.15774
37.879	.15463
37.909	.15665
37.94	.16261
37.97	.16778
38.001	.16834
38.032	.16486
38.062	.16137
38.093	.1618
38.123	.16643
38.154	.17117
38.184	.17101
38.215	.16472
38.245	.15564
38.276	.14873
38.306	.14659
38.337	.14737
38.367	.14664
38.398	.14227
38.428	.1369
38.459	.13566
38.489	.14144
38.52	.15134
38.55	.15845
38.581	.15828
38.611	.15228
38.642	.14536
38.673	.14177
38.703	.14263
38.734	.1461
38.764	.14948
38.795	.15102
38.825	.15006
38.856	.14649
38.886	.14115
38.917	.13658
38.947	.13707
38.978	.14683
39.008	.1662
39.039	.18841
39.069	.20295
39.1	.20339
39.13	.19097
39.161	.17212
39.191	.15469
39.222	.1449
39.252	.1451
39.283	.15247
39.314	.16096
39.344	.16596
39.375	.16684
39.405	.16524
39.436	.16243
39.466	.15871
39.497	.15459
39.527	.15173
39.558	.15196
39.588	.15506
39.619	.15774
39.649	.15612
39.68	.14983
39.71	.14377
39.741	.14648
39.771	.16536
39.802	.19808
39.832	.22903
39.863	.24224
39.893	.23417
39.924	.21194
39.955	.18573
39.985	.16337
40.016	.14818
40.046	.13951
40.077	.1353
40.107	.13457
40.138	.13728
40.168	.14186
40.199	.14469
40.229	.14334
40.26	.13987
40.29	.13989
40.321	.148
40.351	.1625
40.382	.17513
40.412	.17858
40.443	.17266
40.473	.16274
40.504	.15462
40.534	.1509
40.565	.15035
40.595	.15053
40.626	.15097
40.657	.1536
40.687	.16003
40.718	.16852
40.748	.1742
40.779	.17304
40.809	.1652
40.84	.15496
40.87	.14809
40.901	.14892
40.931	.15786
40.962	.17075
40.992	.18176
41.023	.18735
41.053	.18708
41.084	.18214
41.114	.17397
41.145	.16436
41.175	.15567
41.206	.15042
41.236	.14987
41.267	.15321
41.298	.15827
41.328	.16357
41.359	.16887
41.389	.17365
41.42	.176
41.45	.17428
41.481	.16969
41.511	.16676
41.542	.17027
41.572	.18047
41.603	.19108
41.633	.19444
41.664	.18854
41.694	.17793
41.725	.16915
41.755	.16597
41.786	.16708
41.816	.16815
41.847	.16655
41.877	.1637
41.908	.16272
41.939	.16488
41.969	.16799
42	.16893
