3.109773886713354418e+00
3.109029422845384527e+00
3.107678538731601048e+00
3.105753933828846236e+00
3.103218523302222032e+00
3.100060173399689756e+00
3.096276938790249567e+00
3.091872020255659770e+00
3.086851834041649756e+00
3.081225134264981236e+00
3.075002542198339128e+00
3.068196251361715365e+00
3.060819815993532256e+00
3.052887982521092614e+00
3.044416545127635487e+00
3.035422216072371171e+00
3.025922505942600704e+00
3.015935611271038486e+00
3.005480308127391531e+00
2.994575850934304562e+00
2.983241876120326097e+00
2.971498310433843493e+00
2.959365283866193685e+00
2.946863047202895380e+00
2.934011894258603981e+00
2.920832088864201204e+00
2.907343796671346681e+00
2.893567021824857477e+00
2.879521548530856734e+00
2.865226887521402421e+00
2.850702227385796927e+00
2.835966390708365203e+00
2.821037794921733344e+00
2.805934417756213328e+00
2.790673767139643324e+00
2.775272855378781767e+00
2.759748177433536842e+00
2.744115693079166363e+00
2.728390812738386906e+00
2.712588386756562109e+00
2.696722697886657194e+00
2.680807456747652751e+00
2.664855800020297316e+00
2.648880291145536248e+00
2.632892923296029863e+00
2.616905124396873283e+00
2.600927763979446361e+00
2.584971161661308692e+00
2.569045097054922344e+00
2.553158820918506322e+00
2.537321067373505379e+00
2.521540067024540921e+00
2.505823560829199437e+00
2.490178814576418986e+00
2.474612633843729981e+00
2.459131379314499988e+00
2.443740982347069490e+00
2.428446960698028789e+00
2.413254434311676189e+00
2.398168141096905792e+00
2.383192452621778923e+00
2.368331389664001030e+00
2.353588637563486685e+00
2.338967561330066225e+00
2.324471220466196808e+00
2.310102383470525655e+00
2.295863541993560020e+00
2.281756924622125204e+00
2.267784510273449960e+00
2.253948041184241191e+00
2.240249035483625306e+00
2.226688799342237068e+00
2.213268438692821860e+00
2.199988870520131812e+00
2.186850833720501264e+00
2.173854899533290475e+00
2.161001481548333381e+00
2.148290845294914320e+00
2.135723117419229489e+00
2.123298294458346724e+00
2.111016251219596018e+00
2.098876748775088785e+00
2.086879442081721159e+00
2.075023887237469555e+00
2.063309548385154901e+00
2.051735804275103270e+00
2.040301954498393577e+00
2.029007225402301273e+00
2.017850775699778776e+00
2.006831701784566935e+00
1.995949042763626391e+00
1.985201785218273507e+00
1.974588867705339368e+00
1.964109185009412339e+00
1.953761592156992855e+00
1.943544908203120203e+00
1.933457919800777969e+00
1.923499384563048809e+00
1.913668034227723247e+00
1.903962577633760533e+00
1.894381703518599469e+00
1.884924083145150142e+00
1.875588372766820111e+00
1.866373215938693875e+00
1.857277245682686706e+00
1.848299086514077372e+00
1.839437356336673268e+00
1.830690668213384997e+00
1.822057632018855511e+00
1.813536855980358409e+00
1.805126948113014329e+00
1.796826517555031089e+00
1.788634175808452964e+00
1.780548537890574767e+00
1.772568223401067122e+00
1.764691857509448791e+00
1.756918071867490383e+00
1.749245505450735427e+00
1.741672805333275953e+00
1.734198627399609505e+00
1.726821636997233123e+00
1.719540509533486583e+00
1.712353931019930275e+00
1.705260598567355679e+00
1.698259220834470451e+00
1.691348518432984394e+00
1.684527224291827441e+00
1.677794083982981022e+00
1.671147856011318655e+00
1.664587312070716418e+00
1.658111237268580451e+00
1.651718430320788578e+00
1.645407703718958281e+00
1.639177883871859809e+00
1.633027811222667047e+00
1.626956340343646890e+00
1.620962340009824088e+00
1.615044693253034014e+00
1.609202297397731796e+00
1.603434064079815036e+00
1.597738919249686917e+00
1.592115803160657261e+00
1.586563670343793309e+00
1.581081489570169030e+00
1.575668243801523261e+00
1.570322930130156891e+00
1.565044559708956839e+00
1.559832157672296660e+00
1.554684763048586049e+00
1.549601428665136948e+00
1.544581221046034791e+00
1.539623220303588891e+00
1.534726520023982799e+00
1.529890227147627346e+00
1.525113461844750162e+00
1.520395357386694846e+00
1.515735060013358559e+00
1.511131728797209028e+00
1.506584535504263078e+00
1.502092664452383763e+00
1.497655312367258240e+00
1.493271688236363248e+00
1.488941013161206861e+00
1.484662520208169578e+00
1.480435454258140160e+00
1.476259071855242855e+00
1.472132641054866076e+00
1.468055441271183259e+00
1.464026763124397279e+00
1.460045908287844085e+00
1.456112189335182272e+00
1.452224929587767832e+00
1.448383462962400392e+00
1.444587133819536406e+00
1.440835296812142285e+00
1.437127316735248517e+00
1.433462568376347335e+00
1.429840436366712098e+00
1.426260315033730075e+00
1.422721608254329251e+00
1.419223729309577076e+00
1.415766100740507127e+00
1.412348154205253170e+00
1.408969330337519477e+00
1.405629078606451809e+00
1.402326857177973007e+00
1.399062132777572742e+00
1.395834380554632936e+00
1.392643083948299498e+00
1.389487734554926135e+00
1.386367831997123323e+00
1.383282883794417994e+00
1.380232405235551685e+00
1.377215919252438248e+00
1.374232956295759811e+00
1.371283054212248942e+00
1.368365758123639253e+00
1.365480620307292448e+00
1.362627200078496248e+00
1.359805063674466075e+00
1.357013784139992074e+00
1.354252941214781236e+00
1.351522121222452189e+00
1.348820916961208427e+00
1.346148927596143130e+00
1.343505758553202645e+00
1.340891021414776230e+00
1.338304333816916047e+00
1.335745319348149440e+00
1.333213607449905025e+00
1.330708833318519302e+00
1.328230637808798464e+00
1.325778667339150063e+00
1.323352573798239229e+00
1.320952014453171230e+00
1.318576651859188820e+00
1.316226153770829743e+00
1.313900193054587273e+00
1.311598447602998263e+00
1.309320600250179600e+00
1.307066338688777085e+00
1.304835355388308304e+00
1.302627347514892842e+00
1.300442016852334515e+00
1.298279069724556534e+00
1.296138216919348940e+00
1.294019173613425222e+00
1.291921659298770342e+00
1.289845397710244423e+00
1.287790116754444991e+00
1.285755548439789120e+00
1.283741428807813278e+00
1.281747497865665331e+00
1.279773499519761382e+00
1.277819181510609692e+00
1.275884295348759245e+00
1.273968596251877861e+00
1.272071843082920539e+00
1.270193798289390941e+00
1.268334227843657125e+00
1.266492901184320452e+00
1.264669591158617434e+00
1.262864073965825451e+00
1.261076129101671883e+00
1.259305539303718469e+00
1.257552090497706221e+00
1.255815571744852699e+00
1.254095775190071649e+00
1.252392496011108802e+00
1.250705532368578066e+00
1.249034685356875451e+00
1.247379758955958318e+00
1.245740559983986584e+00
1.244116898050786624e+00
1.242508585512145158e+00
1.240915437424911172e+00
1.239337271502882754e+00
1.237773908073483309e+00
1.236225170035193832e+00
1.234690882815739688e+00
1.233170874331019684e+00
1.231664974944747248e+00
1.230173017428819238e+00
1.228694836924367095e+00
1.227230270903509668e+00
1.225779159131763940e+00
1.224341343631130119e+00
1.222916668643818205e+00
1.221504980596615386e+00
1.220106128065875817e+00
1.218719961743132796e+00
1.217346334401302022e+00
1.215985100861489254e+00
1.214636117960369521e+00
1.213299244518145192e+00
1.211974341307057612e+00
1.210661271020453622e+00
1.209359898242388098e+00
1.208070089417761173e+00
1.206791712822967932e+00
1.205524638537071702e+00
1.204268738413461381e+00
1.203023886052018598e+00
1.201789956771754930e+00
1.200566827583928298e+00
1.199354377165627206e+00
1.198152485833804626e+00
1.196961035519770178e+00
1.195779909744113523e+00
1.194608993592065183e+00
1.193448173689278136e+00
1.192297338178030630e+00
1.191156376693832231e+00
1.190025180342436206e+00
1.188903641677238276e+00
1.187791654677074149e+00
1.186689114724380989e+00
1.185595918583746577e+00
1.184511964380813964e+00
1.183437151581547608e+00
1.182371380971855901e+00
1.181314554637553860e+00
1.180266575944669549e+00
1.179227349520080459e+00
1.178196781232482726e+00
1.177174778173674330e+00
1.176161248640160029e+00
1.175156102115063161e+00
1.174159249250339432e+00
1.173170601849297112e+00
1.172190072849398357e+00
1.171217576305359831e+00
1.170253027372526899e+00
1.169296342290533586e+00
1.168347438367225433e+00
1.167406233962858364e+00
1.166472648474554674e+00
1.165546602321019698e+00
1.164628016927508947e+00
1.163716814711047043e+00
1.162812919065889350e+00
1.161916254349220745e+00
1.161026745867094867e+00
1.160144319860599404e+00
1.159268903492252756e+00
1.158400424832619624e+00
1.157538812847149323e+00
1.156683997383226581e+00
1.155835909157431951e+00
1.154994479743015834e+00
1.154159641557568339e+00
1.153331327850895649e+00
1.152509472693087789e+00
1.151694010962784676e+00
1.150884878335625805e+00
1.150082011272890892e+00
1.149285347010322145e+00
1.148494823547122623e+00
1.147710379635138445e+00
1.146931954768206641e+00
1.146159489171678203e+00
1.145392923792108331e+00
1.144632200287105439e+00
1.143877261015350033e+00
1.143128049026767457e+00
1.142384508052854963e+00
1.141646582497165774e+00
1.140914217425941901e+00
1.140187358558893749e+00
1.139465952260128701e+00
1.138749945529215601e+00
1.138039285992397787e+00
1.137333921893936672e+00
1.136633802087596568e+00
1.135938876028257827e+00
1.135249093763664785e+00
1.134564405926298480e+00
1.133884763725378386e+00
1.133210118938989597e+00
1.132540423906324589e+00
1.131875631520055769e+00
1.131215695218817929e+00
1.130560568979807723e+00
1.129910207311500825e+00
1.129264565246477003e+00
1.128623598334356437e+00
1.127987262634844168e+00
1.127355514710883133e+00
1.126728311621906231e+00
1.126105610917197852e+00
1.125487370629350892e+00
1.124873549267825901e+00
1.124264105812607939e+00
1.123658999707957351e+00
1.123058190856256688e+00
1.122461639611950668e+00
1.121869306775576280e+00
1.121281153587881940e+00
1.120697141724037227e+00
1.120117233287927450e+00
1.119541390806533032e+00
1.118969577224396605e+00
1.118401755898166483e+00
1.117837890591225403e+00
1.117277945468399647e+00
1.116721885090742994e+00
1.116169674410401713e+00
1.115621278765551727e+00
1.115076663875414598e+00
1.114535795835341903e+00
1.113998641111976440e+00
1.113465166538482931e+00
1.112935339309845117e+00
1.112409126978239016e+00
1.111886497448465461e+00
1.111367418973455701e+00
1.110851860149838721e+00
1.110339789913572961e+00
1.109831177535644642e+00
1.109325992617824275e+00
1.108824205088487336e+00
1.108325785198492230e+00
1.107830703517122872e+00
1.107338930928082554e+00
1.106850438625551991e+00
1.106365198110298653e+00
1.105883181185845165e+00
1.105404359954690774e+00
1.104928706814586770e+00
1.104456194454865425e+00
1.103986795852820890e+00
1.103520484270140933e+00
1.103057233249390201e+00
1.102597016610541880e+00
1.102139808447559322e+00
1.101685583125025403e+00
1.101234315274819187e+00
1.100785979792840097e+00
1.100340551835775171e+00
1.099898006817916718e+00
1.099458320408018608e+00
1.099021468526200085e+00
1.098587427340893319e+00
1.098156173265827817e+00
1.097727682957064133e+00
1.097301933310064426e+00
1.096878901456803002e+00
1.096458564762918364e+00
1.096040900824905018e+00
1.095625887467341242e+00
1.095213502740158606e+00
1.094803724915945464e+00
1.094396532487288853e+00
1.093991904164154594e+00
1.093589818871297803e+00
1.093190255745716044e+00
1.092793194134129564e+00
1.092398613590501277e+00
1.092006493873589390e+00
1.091616814944528668e+00
1.091229556964451675e+00
1.090844700292134872e+00
1.090462225481683145e+00
1.090082113280238962e+00
1.089704344625726851e+00
1.089328900644627618e+00
1.088955762649778558e+00
1.088584912138207850e+00
1.088216330788995823e+00
1.087850000461163535e+00
1.087485903191591330e+00
1.087124021192962919e+00
1.086764336851739454e+00
1.086406832726158456e+00
1.086051491544257841e+00
1.085698296201930146e+00
1.085347229760997623e+00
1.084998275447317306e+00
1.084651416648905409e+00
1.084306636914091460e+00
1.083963919949694210e+00
1.083623249619220852e+00
1.083284609941090881e+00
1.082947985086881948e+00
1.082613359379599682e+00
1.082280717291969285e+00
1.081950043444748877e+00
1.081621322605065938e+00
1.081294539684772404e+00
1.080969679738825739e+00
1.080646727963684661e+00
1.080325669695732405e+00
1.080006490409712194e+00
1.079689175717190919e+00
1.079373711365036792e+00
1.079060083233918110e+00
1.078748277336821770e+00
1.078438279817589551e+00
1.078130076949474381e+00
1.077823655133712588e+00
1.077519000898117474e+00
1.077216100895687090e+00
1.076914941903232004e+00
1.076615510820020605e+00
1.076317794666438177e+00
1.076021780582667509e+00
1.075727455827382162e+00
1.075434807776458168e+00
1.075143823921700825e+00
1.074854491869587481e+00
1.074566799340028078e+00
1.074280734165136808e+00
1.073996284288022629e+00
1.073713437761594225e+00
1.073432182747377395e+00
1.073152507514350873e+00
1.072874400437793474e+00
1.072597849998146113e+00
1.072322844779888262e+00
1.072049373470427946e+00
