4.972677979173538709e+00
4.631366480926324414e+00
4.077290895490781608e+00
3.624000917889240725e+00
3.292101214028232192e+00
3.048240603380253599e+00
2.863676789964991531e+00
2.719315059383941247e+00
2.602955028511845015e+00
2.506711341617139155e+00
2.425356364094338524e+00
2.355325070152593625e+00
2.294118654255179468e+00
2.239940463399467951e+00
2.191468215962709465e+00
2.147707800121309685e+00
2.107897109549249137e+00
2.071441342224283222e+00
2.037868559231042376e+00
2.006798580922064090e+00
1.977920842394176981e+00
1.950978378796844215e+00
1.925756074901093129e+00
1.902071926245120448e+00
1.879770456646369325e+00
1.858717699380799671e+00
1.838797325621332579e+00
1.819907623931128482e+00
1.801959117708968883e+00
1.784872665661422886e+00
1.768577931572622663e+00
1.753012139119184187e+00
1.738119048770946584e+00
1.723848109335900158e+00
1.710153748109117355e+00
1.696994772027396792e+00
1.684333858528102024e+00
1.672137119539960803e+00
1.660373725610921669e+00
1.649015579901352169e+00
1.638037033859006009e+00
1.627414638002943281e+00
1.617126922495505825e+00
1.607154203160460870e+00
1.597478409376764219e+00
1.588082930889116229e+00
1.578952481065231783e+00
1.570072974523010867e+00
1.561431417369435026e+00
1.553015808553170007e+00
1.544815051046684040e+00
1.536818871750792237e+00
1.529017749161944328e+00
1.521402847966626837e+00
1.513965959831647279e+00
1.506699449748052366e+00
1.499596207362373423e+00
1.492649602794114072e+00
1.485853446494915353e+00
1.479201952753720350e+00
1.472689706494932471e+00
1.466311633054033781e+00
1.460062970647924674e+00
1.453939245286203441e+00
1.447936247895313944e+00
1.442050013450168366e+00
1.436276801928143554e+00
1.430613080918352376e+00
1.425055509735243309e+00
1.419600924900032535e+00
1.414246326866399617e+00
1.408988867878516515e+00
1.403825840859993956e+00
1.398754669241694337e+00
1.393772897644936171e+00
1.388878183344209427e+00
1.384068288440597927e+00
1.379341072683198277e+00
1.374694486881718358e+00
1.370126566858389072e+00
1.365635427892160969e+00
1.361219259612236554e+00
1.356876321301986099e+00
1.352604937577640998e+00
1.348403494409430969e+00
1.344270435455650059e+00
1.340204258682782701e+00
1.336203513247185004e+00
1.332266796616013771e+00
1.328392751906994240e+00
1.324580065428512476e+00
1.320827464403054430e+00
1.317133714858552906e+00
1.313497619673558381e+00
1.309918016763336190e+00
1.306393777395195244e+00
1.302923804622269532e+00
1.299507031826028669e+00
1.296142421358531971e+00
1.292828963276296372e+00
1.289565674158302144e+00
1.286351596001339415e+00
1.283185795186472244e+00
1.280067361510919044e+00
1.276995407280169470e+00
1.273969066455568289e+00
1.270987493853021455e+00
1.268049864388874237e+00
1.265155372369275888e+00
1.262303230819754152e+00
1.259492670851910967e+00
1.256722941064486898e+00
1.253993306976203703e+00
1.251303050488083102e+00
1.248651469373063483e+00
1.246037876790976551e+00
1.243461600827056701e+00
1.240921984052366422e+00
1.238418383104572973e+00
1.235950168287727857e+00
1.233516723189748587e+00
1.231117444316425669e+00
1.228751740740889886e+00
1.226419033767539357e+00
1.224118756609493985e+00
1.221850354078777290e+00
1.219613282288412925e+00
1.217407008365735566e+00
1.215231010176258453e+00
1.213084776057488101e+00
1.210967804562126160e+00
1.208879604210131520e+00
1.206819693249167491e+00
1.204787599422997069e+00
1.202782859747394850e+00
1.200805020293217229e+00
1.198853635976247611e+00
1.196928270353525336e+00
1.195028495425804360e+00
1.193153891445900339e+00
1.191304046732634792e+00
1.189478557490132538e+00
1.187677027632245474e+00
1.185899068611879992e+00
1.184144299255034394e+00
1.182412345599348047e+00
1.180702840736977288e+00
1.179015424661659983e+00
1.177349744119768227e+00
1.175705452465237055e+00
1.174082209518215070e+00
1.172479681427303300e+00
1.170897540535254411e+00
1.169335465248033223e+00
1.167793139907103539e+00
1.166270254664843353e+00
1.164766505362997862e+00
1.163281593414065451e+00
1.161815225685513209e+00
1.160367114386765541e+00
1.158936976958859333e+00
1.157524535966684365e+00
1.156129518993754601e+00
1.154751658539421078e+00
1.153390691918454447e+00
1.152046361162950117e+00
1.150718412926464040e+00
1.149406598390349865e+00
1.148110673172206164e+00
1.146830397236403565e+00
1.145565534806622932e+00
1.144315854280349543e+00
1.143081128145285730e+00
1.141861132897621811e+00
1.140655648962119351e+00
1.139464460613963226e+00
1.138287355902339870e+00
1.137124126575693284e+00
1.135974568008620178e+00
1.134838479130366951e+00
1.133715662354882525e+00
1.132605923512395751e+00
1.131509071782475839e+00
1.130424919628542302e+00
1.129353282733792652e+00
1.128293979938506109e+00
1.127246833178696228e+00
1.126211667426085583e+00
1.125188310629358535e+00
1.124176593656670331e+00
1.123176350239386334e+00
1.122187416917015623e+00
1.121209632983311000e+00
1.120242840433518960e+00
1.119286883912738784e+00
1.118341610665373853e+00
1.117406870485651460e+00
1.116482515669180664e+00
1.115568400965525342e+00
1.114664383531777547e+00
1.113770322887094988e+00
1.112886080868195737e+00
1.112011521585771545e+00
1.111146511381818636e+00
1.110290918787844472e+00
1.109444614483950042e+00
1.108607471258754140e+00
1.107779363970146314e+00
1.106960169506851610e+00
1.106149766750785357e+00
1.105348036540180212e+00
1.104554861633472385e+00
1.103770126673929708e+00
1.102993718154993141e+00
1.102225524386340583e+00
1.101465435460629250e+00
1.100713343220922180e+00
1.099969141228772873e+00
1.099232724732955857e+00
1.098503990638836747e+00
1.097782837478351592e+00
1.097069165380597955e+00
1.096362876043016854e+00
1.095663872703151132e+00
1.094972060110974921e+00
1.094287344501770232e+00
1.093609633569554873e+00
1.092938836441030181e+00
1.092274863650056771e+00
1.091617627112631883e+00
1.090967040102365448e+00
1.090323017226440205e+00
1.089685474402050547e+00
1.089054328833301666e+00
1.088429498988569000e+00
1.087810904578297100e+00
1.087198466533239261e+00
1.086592106983121031e+00
1.085991749235721171e+00
1.085397317756362501e+00
1.084808738147797325e+00
1.084225937130491868e+00
1.083648842523286859e+00
1.083077383224436030e+00
1.082511489193009657e+00
1.081951091430659373e+00
1.081396121963731138e+00
1.080846513825724831e+00
1.080302201040090004e+00
1.079763118603349170e+00
1.079229202468547477e+00
1.078700389529015036e+00
1.078176617602440102e+00
1.077657825415244464e+00
1.077143952587256814e+00
1.076634939616673892e+00
1.076130727865309389e+00
1.075631259544116647e+00
1.075136477698988680e+00
1.074646326196822654e+00
1.074160749711845275e+00
1.073679693712197514e+00
1.073203104446764922e+00
1.072730928932259076e+00
1.072263114940535278e+00
1.071799610986148954e+00
1.071340366314140979e+00
1.070885330888049936e+00
1.070434455378145522e+00
1.069987691149879572e+00
1.069544990252548899e+00
1.069106305408165980e+00
1.068671590000536353e+00
1.068240798064532315e+00
1.067813884275565339e+00
1.067390803939247679e+00
1.066971512981245596e+00
1.066555967937313776e+00
1.066144125943512044e+00
1.065735944726597273e+00
1.065331382594592702e+00
1.064930398427521130e+00
1.064532951668310412e+00
1.064139002313859272e+00
1.063748510906263434e+00
1.063361438524200286e+00
1.062977746774464105e+00
1.062597397783655584e+00
1.062220354190016369e+00
1.061846579135409918e+00
1.061476036257445354e+00
1.061108689681736550e+00
1.060744504014302647e+00
1.060383444334099146e+00
1.060025476185680660e+00
1.059670565571995349e+00
1.059318678947299697e+00
1.058969783210202742e+00
1.058623845696828436e+00
1.058280834174097684e+00
1.057940716833128070e+00
1.057603462282746376e+00
1.057269039543113687e+00
1.056937418039462617e+00
1.056608567595939352e+00
1.056282458429553373e+00
1.055959061144232436e+00
1.055638346724975918e+00
1.055320286532110075e+00
1.055004852295644113e+00
1.054692016109716191e+00
1.054381750427139108e+00
1.054074028054037715e+00
1.053768822144574902e+00
1.053466106195767971e+00
1.053165854042393823e+00
1.052868039851979187e+00
1.052572638119872783e+00
1.052279623664403863e+00
1.051988971622119573e+00
1.051700657443102260e+00
1.051414656886365151e+00
1.051130946015325085e+00
1.050849501193349633e+00
1.050570299079378600e+00
1.050293316623618134e+00
1.050018531063305671e+00
1.049745919918544601e+00
1.049475460988209319e+00
1.049207132345913340e+00
1.048940912336048692e+00
1.048676779569887252e+00
1.048414712921744929e+00
1.048154691525211790e+00
1.047896694769439030e+00
1.047640702295491222e+00
1.047386693992754525e+00
1.047134649995402400e+00
1.046884550678921721e+00
1.046636376656691736e+00
1.046390108776620309e+00
1.046145728117831908e+00
1.045903215987411983e+00
1.045662553917199977e+00
1.045423723660635629e+00
1.045186707189655229e+00
1.044951486691637177e+00
1.044718044566395498e+00
1.044486363423223096e+00
1.044256426077977640e+00
1.044028215550219407e+00
1.043801715060387769e+00
1.043576908027028516e+00
1.043353778064058712e+00
1.043132308978079958e+00
1.042912484765728509e+00
1.042694289611072023e+00
1.042477707883042948e+00
1.042262724132912100e+00
1.042049323091805313e+00
1.041837489668253847e+00
1.041627208945785421e+00
1.041418466180552116e+00
1.041211246798994461e+00
1.041005536395541498e+00
1.040801320730346369e+00
1.040598585727057435e+00
1.040397317470621141e+00
1.040197502205122193e+00
1.039999126331652590e+00
1.039802176406216416e+00
1.039606639137664601e+00
1.039412501385661880e+00
1.039219750158684175e+00
1.039028372612046613e+00
1.038838356045960420e+00
1.038649687903620666e+00
1.038462355769321332e+00
1.038276347366599461e+00
1.038091650556406620e+00
1.037908253335308117e+00
1.037726143833709536e+00
1.037545310314107905e+00
1.037365741169371303e+00
1.037187424921042656e+00
1.037010350217668408e+00
1.036834505833152953e+00
1.036659880665136813e+00
1.036486463733398145e+00
1.036314244178279553e+00
1.036143211259135777e+00
1.035973354352806020e+00
1.035804662952108046e+00
1.035637126664352925e+00
1.035470735209884197e+00
1.035305478420636138e+00
1.035141346238713567e+00
1.034978328714992957e+00
1.034816416007741990e+00
1.034655598381261754e+00
1.034495866204546699e+00
1.034337209949964143e+00
1.034179620191952642e+00
1.034023087605740354e+00
1.033867602966080046e+00
1.033713157146003425e+00
1.033559741115592345e+00
1.033407345940769329e+00
1.033255962782102078e+00
1.033105582893628860e+00
1.032956197621697214e+00
1.032807798403821975e+00
1.032660376767556176e+00
1.032513924329381494e+00
1.032368432793612234e+00
1.032223893951313975e+00
1.032080299679239976e+00
1.031937641938780015e+00
1.031795912774925883e+00
1.031655104315249538e+00
1.031515208768897018e+00
1.031376218425595681e+00
1.031238125654675208e+00
1.031100922904102157e+00
1.030964602699528720e+00
1.030829157643353478e+00
1.030694580413795469e+00
1.030560863763981372e+00
1.030428000521045995e+00
1.030295983585242325e+00
1.030164805929067784e+00
1.030034460596398471e+00
1.029904940701637850e+00
1.029776239428877416e+00
1.029648350031065585e+00
1.029521265829191901e+00
1.029394980211479016e+00
1.029269486632587993e+00
1.029144778612833155e+00
1.029020849737407373e+00
1.028897693655618895e+00
1.028775304080137287e+00
1.028653674786250694e+00
1.028532799611131088e+00
1.028412672453112409e+00
1.028293287270974909e+00
1.028174638083241943e+00
1.028056718967484962e+00
1.027939524059636955e+00
1.027823047553316549e+00
1.027707283699159646e+00
1.027592226804161735e+00
1.027477871231026851e+00
1.027364211397526539e+00
1.027251241775866131e+00
1.027138956892061028e+00
1.027027351325319415e+00
1.026916419707434969e+00
1.026806156722184227e+00
1.026696557104736174e+00
1.026587615641066265e+00
1.026479327167379774e+00
1.026371686569541808e+00
1.026264688782514201e+00
1.026158328789802177e+00
1.026052601622904570e+00
1.025947502360775143e+00
1.025843026129286795e+00
1.025739168100705978e+00
1.025635923493172008e+00
1.025533287570184138e+00
1.025431255640093742e+00
1.025329823055605161e+00
1.025228985213280986e+00
1.025128737553054226e+00
1.025029075557747360e+00
1.024929994752597162e+00
1.024831490704784853e+00
1.024733559022972473e+00
1.024636195356846802e+00
1.024539395396666386e+00
1.024443154872815898e+00
1.024347469555366485e+00
1.024252335253639457e+00
1.024157747815778396e+00
1.024063703128324621e+00
1.023970197115798397e+00
1.023877225740285279e+00
1.023784785001028874e+00
1.023692870934026278e+00
1.023601479611631282e+00
1.023510607142160245e+00
1.023420249669503512e+00
1.023330403372743280e+00
1.023241064465773675e+00
1.023152229196926388e+00
1.023063893848602302e+00
1.022976054736905782e+00
1.022888708211284303e+00
1.022801850654172950e+00
