1.032636234192656488e+01
1.025259194451542655e+01
1.004172609717294229e+01
9.721268355969959529e+00
9.326803194210482317e+00
8.892964921089369312e+00
8.447830068670075576e+00
8.011163561851159187e+00
7.595183137778915849e+00
7.206339812870981909e+00
6.847155431531867009e+00
6.517708510998342142e+00
6.216690942673285925e+00
5.942099300768470371e+00
5.691658936496459376e+00
5.463068853153418836e+00
5.254133140669599022e+00
5.062823771629991754e+00
4.887303582827069448e+00
4.725927263740063111e+00
4.577231024238216150e+00
4.439917140993062006e+00
4.312836859821643998e+00
4.194973512098286506e+00
4.085426761980393451e+00
3.983398368086289221e+00
3.888179551981037818e+00
3.799139915304458270e+00
3.715717777117066412e+00
3.637411777285962433e+00
3.563773589644668505e+00
3.494401598287930177e+00
3.428935405010665516e+00
3.367051051937931305e+00
3.308456858956823066e+00
3.252889789784725760e+00
3.200112273073874025e+00
3.149909415830214776e+00
3.102086555726580208e+00
3.056467106788235633e+00
3.012890659607318611e+00
2.971211302880540917e+00
2.931296137823818704e+00
2.893023961037535230e+00
2.856284094797795881e+00
2.820975346633348479e+00
2.787005082498839492e+00
2.754288399943348953e+00
2.722747389457166101e+00
2.692310473706999829e+00
2.662911815682014627e+00
2.634490787901366815e+00
2.606991495808331116e+00
2.580362349318547022e+00
2.554555677219323861e+00
2.529527379751766336e+00
2.505236615258640942e+00
2.481645517262257350e+00
2.458718938756928818e+00
2.436424220868185664e+00
2.414730983353198912e+00
2.393610934699922588e+00
2.373037699831222813e+00
2.352986663639096143e+00
2.333434828767462221e+00
2.314360686232343145e+00
2.295744097619112800e+00
2.277566187729791913e+00
2.259809246671851568e+00
2.242456640484548736e+00
2.225492729492542843e+00
2.208902793658896524e+00
2.192672964283809645e+00
2.176790161460929518e+00
2.161242036761904295e+00
2.146016920672225492e+00
2.131103774348169999e+00
2.116492145306709816e+00
2.102172126697659849e+00
2.088134319841156383e+00
2.074369799743511322e+00
2.060870083331882263e+00
2.047627100172362269e+00
2.034633165458171966e+00
2.021880955074196962e+00
2.009363482562124048e+00
1.997074077826316074e+00
1.985006367435044883e+00
1.973154256384894278e+00
1.961511911207840742e+00
1.950073744311239254e+00
1.938834399450693802e+00
1.927788738244446520e+00
1.916931827645921516e+00
1.906258928298334876e+00
1.895765483701592480e+00
1.885447110127967285e+00
1.875299587228197451e+00
1.865318849274596236e+00
1.855500976992378259e+00
1.845842189934295607e+00
1.836338839357466668e+00
1.826987401564708069e+00
1.817784471675678581e+00
1.808726757795981133e+00
1.799811075554958339e+00
1.791034342985321937e+00
1.782393575719731338e+00
1.773885882481584186e+00
1.765508460849017691e+00
1.757258593272680525e+00
1.749133643329489285e+00
1.741131052195865614e+00
1.733248335325245471e+00
1.725483079315804913e+00
1.717832938955446753e+00
1.710295634432068113e+00
1.702868948697935370e+00
1.695550724978011736e+00
1.688338864412655793e+00
1.681231323825908230e+00
1.674226113611205768e+00
1.667321295727002495e+00
1.660514981795223832e+00
1.653805331296061443e+00
1.647190549853104091e+00
1.640668887603129011e+00
1.634238637645409664e+00
1.627898134565604060e+00
1.621645753029787862e+00
1.615479906444383884e+00
1.609399045678107321e+00
1.603401657842255634e+00
1.597486265125985572e+00
1.591651423683342337e+00
1.585895722569199195e+00
1.580217782721216713e+00
1.574616255985351598e+00
1.569089824182461790e+00
1.563637198213754242e+00
1.558257117202995090e+00
1.552948347673489993e+00
1.547709682758021454e+00
1.542539941439959872e+00
1.537437967824008211e+00
1.532402630434986701e+00
1.527432821543290853e+00
1.522527456515636590e+00
1.517685473189899881e+00
1.512905831272799206e+00
1.508187511759359500e+00
1.503529516373101504e+00
1.498930867025983771e+00
1.494390605297147401e+00
1.489907791929615311e+00
1.485481506344117575e+00
1.481110846169267692e+00
1.476794926787364570e+00
1.472532880895119911e+00
1.468323858078652844e+00
1.464167024402173833e+00
1.460061562009722369e+00
1.456006668739448173e+00
1.452001557749885041e+00
1.448045457157743465e+00
1.444137609686750645e+00
1.440277272327072922e+00
1.436463716004932722e+00
1.432696225261981482e+00
1.428974097944082589e+00
1.425296644899120668e+00
1.421663189683515682e+00
1.418073068277065030e+00
1.414525628805886281e+00
1.411020231273083958e+00
1.407556247296894325e+00
1.404133059856044419e+00
1.400750063042055293e+00
1.397406661818250573e+00
1.394102271785229163e+00
1.390836318952595185e+00
1.387608239516718855e+00
1.384417479644307836e+00
1.381263495261651153e+00
1.378145751849277678e+00
1.375063724241895047e+00
1.372016896433436717e+00
1.369004761387026203e+00
1.366026820849724377e+00
1.363082585171915273e+00
1.360171573131145006e+00
1.357293311760335630e+00
1.354447336180183648e+00
1.351633189435648141e+00
1.348850422336393517e+00
1.346098593301079838e+00
1.343377268205360853e+00
1.340686020233510023e+00
1.338024429733556619e+00
1.335392084075821550e+00
1.332788577514768313e+00
1.330213511054060049e+00
1.327666492314766966e+00
1.325147135406564924e+00
1.322655060801936289e+00
1.320189895213200071e+00
1.317751271472355157e+00
1.315338828413633809e+00
1.312952210758687066e+00
1.310591069004356513e+00
1.308255059312928514e+00
1.305943843404837601e+00
1.303657088453729962e+00
1.301394466983845755e+00
1.299155656769632960e+00
1.296940340737566366e+00
1.294748206870090401e+00
1.292578948111639203e+00
1.290432262276692832e+00
1.288307851959787254e+00
1.286205424447472101e+00
1.284124691632122506e+00
1.282065369927594567e+00
1.280027180186656288e+00
1.278009847620167561e+00
1.276013101717934140e+00
1.274036676171252269e+00
1.272080308797036041e+00
1.270143741463536147e+00
1.268226720017596953e+00
1.266328994213408610e+00
1.264450317642724642e+00
1.262590447666521065e+00
1.260749145348031508e+00
1.258926175387168556e+00
1.257121306056263377e+00
1.255334309137102533e+00
1.253564959859249317e+00
1.251813036839592996e+00
1.250078322023117527e+00
1.248360600624853545e+00
1.246659661072978542e+00
1.244975294953067468e+00
1.243307296953430674e+00
1.241655464811533438e+00
1.240019599261488858e+00
1.238399503982556604e+00
1.236794985548670844e+00
1.235205853378951613e+00
1.233631919689172074e+00
1.232072999444170591e+00
1.230528910311197155e+00
1.228999472614148214e+00
1.227484509288690795e+00
1.225983845838247044e+00
1.224497310290823648e+00
1.223024733156668153e+00
1.221565947386730855e+00
1.220120788331922279e+00
1.218689093703136272e+00
1.217270703532036702e+00
1.215865460132585119e+00
1.214473208063286069e+00
1.213093794090149835e+00
1.211727067150346837e+00
1.210372878316542833e+00
1.209031080761894472e+00
1.207701529725705658e+00
1.206384082479711406e+00
1.205078598294997638e+00
1.203784938409521166e+00
1.202502965996234074e+00
1.201232546131799195e+00
1.199973545765867122e+00
1.198725833690930109e+00
1.197489280512714638e+00
1.196263758621124662e+00
1.195049142161699329e+00
1.193845307007606049e+00
1.192652130732124949e+00
1.191469492581640477e+00
1.190297273449110627e+00
1.189135355848028430e+00
1.187983623886829099e+00
1.186841963243775888e+00
1.185710261142284505e+00
1.184588406326682275e+00
1.183476289038415397e+00
1.182373800992660096e+00
1.181280835355357661e+00
1.180197286720656047e+00
1.179123051088745155e+00
1.178058025844079371e+00
1.177002109733997992e+00
1.175955202847696723e+00
1.174917206595587515e+00
1.173888023689006577e+00
1.172867558120278320e+00
1.171855715143134580e+00
1.170852401253453579e+00
1.169857524170353491e+00
1.168870992817598653e+00
1.167892717305332839e+00
1.166922608912121406e+00
1.165960580067307406e+00
1.165006544333666794e+00
1.164060416390358510e+00
1.163122112016170329e+00
1.162191548073042258e+00
1.161268642489876823e+00
1.160353314246623802e+00
1.159445483358627849e+00
1.158545070861244142e+00
1.157651998794717807e+00
1.156766190189307597e+00
1.155887569050668917e+00
1.155016060345477547e+00
1.154151589987290949e+00
1.153294084822650278e+00
1.152443472617413533e+00
1.151599682043310535e+00
1.150762642664727275e+00
1.149932284925706538e+00
1.149108540137160350e+00
1.148291340464300037e+00
1.147480618914264783e+00
1.146676309323963361e+00
1.145878346348103038e+00
1.145086665447426544e+00
1.144301202877131551e+00
1.143521895675486899e+00
1.142748681652626219e+00
1.141981499379530085e+00
1.141220288177180908e+00
1.140464988105899913e+00
1.139715539954851087e+00
1.138971885231715664e+00
1.138233966152531584e+00
1.137501725631700822e+00
1.136775107272149254e+00
1.136054055355651959e+00
1.135338514833306167e+00
1.134628431316158981e+00
1.133923751065986529e+00
1.133224420986213454e+00
1.132530388612982053e+00
1.131841602106360867e+00
1.131158010241687162e+00
1.130479562401057514e+00
1.129806208564938075e+00
1.129137899303916059e+00
1.128474585770579131e+00
1.127816219691518462e+00
1.127162753359458591e+00
1.126514139625510058e+00
1.125870331891544396e+00
1.125231284102681917e+00
1.124596950739902290e+00
1.123967286812765698e+00
1.123342247852246567e+00
1.122721789903678991e+00
1.122105869519811172e+00
1.121494443753963344e+00
1.120887470153294929e+00
1.120284906752170517e+00
1.119686712065630196e+00
1.119092845082958476e+00
1.118503265261351354e+00
1.117917932519675084e+00
1.117336807232333307e+00
1.116759850223204120e+00
1.116187022759694170e+00
1.115618286546862903e+00
1.115053603721645858e+00
1.114492936847159443e+00
1.113936248907095194e+00
1.113383503300194644e+00
1.112834663834810112e+00
1.112289694723541666e+00
1.111748560577958456e+00
1.111211226403399310e+00
1.110677657593844181e+00
1.110147819926869950e+00
1.109621679558671303e+00
1.109099203019166868e+00
1.108580357207165523e+00
1.108065109385611091e+00
1.107553427176897198e+00
1.107045278558245638e+00
1.106540631857155565e+00
1.106039455746922417e+00
1.105541719242215226e+00
1.105047391694723435e+00
1.104556442788864778e+00
1.104068842537557549e+00
1.103584561278050824e+00
1.103103569667818196e+00
1.102625838680509007e+00
1.102151339601957325e+00
1.101680044026251082e+00
1.101211923851854957e+00
1.100746951277790098e+00
1.100285098799866246e+00
1.099826339206973369e+00
1.099370645577418815e+00
1.098917991275322414e+00
1.098468349947059775e+00
1.098021695517756857e+00
1.097578002187834967e+00
1.097137244429603031e+00
1.096699396983898955e+00
1.096264434856777825e+00
1.095832333316248963e+00
1.095403067889053395e+00
1.094976614357493938e+00
1.094552948756303046e+00
1.094132047369557048e+00
1.093713886727635476e+00
1.093298443604218351e+00
1.092885695013329661e+00
1.092475618206417254e+00
1.092068190669479355e+00
1.091663390120224397e+00
1.091261194505272147e+00
1.090861581997397023e+00
1.090464530992806047e+00
1.090070020108451443e+00
1.089678028179386748e+00
1.089288534256154017e+00
1.088901517602209656e+00
1.088516957691382681e+00
1.088134834205369383e+00
1.087755127031262870e+00
1.087377816259113672e+00
1.087002882179526342e+00
1.086630305281285347e+00
1.086260066249015166e+00
1.085892145960873467e+00
1.085526525486270932e+00
1.085163186083624165e+00
1.084802109198142794e+00
1.084443276459637451e+00
1.084086669680363046e+00
1.083732270852893809e+00
1.083380062148016743e+00
1.083030025912662397e+00
1.082682144667859836e+00
1.082336401106716917e+00
1.081992778092430774e+00
1.081651258656321613e+00
1.081311825995895815e+00
1.080974463472929248e+00
1.080639154611582997e+00
1.080305883096536412e+00
1.079974632771151022e+00
1.079645387635655540e+00
1.079318131845351303e+00
1.078992849708849233e+00
1.078669525686323682e+00
1.078348144387788921e+00
1.078028690571401160e+00
1.077711149141781233e+00
1.077395505148357913e+00
1.077081743783734558e+00
1.076769850382075511e+00
1.076459810417513374e+00
1.076151609502578266e+00
1.075845233386644173e+00
1.075540667954398844e+00
1.075237899224331661e+00
1.074936913347240175e+00
1.074637696604755499e+00
1.074340235407889921e+00
1.074044516295598051e+00
1.073750525933359956e+00
1.073458251111780504e+00
1.073167678745207354e+00
1.072878795870364499e+00
1.072591589645008447e+00
1.072306047346592850e+00
1.072022156370956880e+00
1.071739904231028717e+00
1.071459278555543015e+00
1.071180267087775695e+00
1.070902857684295606e+00
1.070627038313729962e+00
1.070352797055548422e+00
1.070080122098856279e+00
1.069809001741209853e+00
1.069539424387440985e+00
1.069271378548498852e+00
1.069004852840306663e+00
1.068739835982629449e+00
1.068476316797958958e+00
1.068214284210410980e+00
1.067953727244635775e+00
1.067694635024742267e+00
1.067436996773237778e+00
1.067180801809974877e+00
1.066926039551117977e+00
