3.803748622959842951e+00
1.987448973887987691e+00
1.864941188220620827e+00
1.821270702413045228e+00
1.798439519890158822e+00
1.784193200419001091e+00
1.774155519149905214e+00
1.766374828802876440e+00
1.759872094207437065e+00
1.754115804573415094e+00
1.748799731255416434e+00
1.743739074488349194e+00
1.738818232502987060e+00
1.733962925354401108e+00
1.729124553769181283e+00
1.724271036495255149e+00
1.719381236706578830e+00
1.714441456746698123e+00
1.709443167071427183e+00
1.704381494851034740e+00
1.699254193364065468e+00
1.694060923471107705e+00
1.688802742391779521e+00
1.683481733150597792e+00
1.678100731386531486e+00
1.672663120816473059e+00
1.667172677965285121e+00
1.661633452843345182e+00
1.656049676272120852e+00
1.650425687264464480e+00
1.644765875715517023e+00
1.639074636942021712e+00
1.633356335508140855e+00
1.627615276416325862e+00
1.621855682203104720e+00
1.616081674815632807e+00
1.610297261392749313e+00
1.604506323258917622e+00
1.598712607578923528e+00
1.592919721227466390e+00
1.587131126509836232e+00
1.581350138433979868e+00
1.575579923284750272e+00
1.569823498291578856e+00
1.564083732213294997e+00
1.558363346690542883e+00
1.552664918237976810e+00
1.546990880766799581e+00
1.541343528543361652e+00
1.535725019502589328e+00
1.530137378845970897e+00
1.524582502863311539e+00
1.519062162925624904e+00
1.513578009603623098e+00
1.508131576872393076e+00
1.502724286368268380e+00
1.497357451668545725e+00
1.492032282568953594e+00
1.486749889337282138e+00
1.481511286924867887e+00
1.476317399120430585e+00
1.471169062633248092e+00
1.466067031094812956e+00
1.461011978970059300e+00
1.456004505370980029e+00
1.451045137766893811e+00
1.446134335586916286e+00
1.441272493711422520e+00
1.436459945850165676e+00
1.431696967805677012e+00
1.426983780621324804e+00
1.422320553613958705e+00
1.417707407291782795e+00
1.413144416158475192e+00
1.408631611404999928e+00
1.404168983490915457e+00
1.399756484617304064e+00
1.395394031093599718e+00
1.391081505600882728e+00
1.386818759354308428e+00
1.382605614167444985e+00
1.378441864421477092e+00
1.374327278942154784e+00
1.370261602787557154e+00
1.366244558949643917e+00
1.362275849972642838e+00
1.358355159491282826e+00
1.354482153691864310e+00
1.350656482699113425e+00
1.346877781891743897e+00
1.343145673149575448e+00
1.339459766035017374e+00
1.335819658911649555e+00
1.332224940002558977e+00
1.328675188391054141e+00
1.325169974966258657e+00
1.321708863316028104e+00
1.318291410569580213e+00
1.314917168192107688e+00
1.311585682733604541e+00
1.308296496534022690e+00
1.305049148386836499e+00
1.301843174162976791e+00
1.298678107397055248e+00
1.295553479837696198e+00
1.292468821963752568e+00
1.289423663468064030e+00
1.286417533710407346e+00
1.283449962141158807e+00
1.280520478697176667e+00
1.277628614171297361e+00
1.274773900556834594e+00
1.271955871368342539e+00
1.269174061939916553e+00
1.266428009702187385e+00
1.263717254439163051e+00
1.261041338525969335e+00
1.258399807148540939e+00
1.255792208506230079e+00
1.253218093998262450e+00
1.250677018394941165e+00
1.248168539994435555e+00
1.245692220765962865e+00
1.243247626480127987e+00
1.240834326827152667e+00
1.238451895523687840e+00
1.236099910408856806e+00
1.233777953530172056e+00
1.231485611219908627e+00
1.229222474162501078e+00
1.226988137453498995e+00
1.224782200650591291e+00
1.222604267817184454e+00
1.220453947558986618e+00
1.218330853054035101e+00
1.216234602076575078e+00
1.214164817015189968e+00
1.212121124885538581e+00
1.210103157338058066e+00
1.208110550660962179e+00
1.206142945778853948e+00
1.204199988247229181e+00
1.202281328243187231e+00
1.200386620552580608e+00
1.198515524553870115e+00
1.196667704198923543e+00
1.194842827990989731e+00
1.193040568960032077e+00
1.191260604635656195e+00
1.189502617017801578e+00
1.187766292545374913e+00
1.186051322063002234e+00
1.184357400786059777e+00
1.182684228264113679e+00
1.181031508342943237e+00
1.179398949125241680e+00
1.177786262930158090e+00
1.176193166251767952e+00
1.174619379716595802e+00
1.173064628040302093e+00
1.171528639983612230e+00
1.170011148307600113e+00
1.168511889728399034e+00
1.167030604871427180e+00
1.165567038225201246e+00
1.164120938094812319e+00
1.162692056555125975e+00
1.161280149403775663e+00
1.159884976114000876e+00
1.158506299787388283e+00
1.157143887106567126e+00
1.155797508287906616e+00
1.154466937034255292e+00
1.153151950487770749e+00
1.151852329182870838e+00
1.150567856999345606e+00
1.149298321115665322e+00
1.148043511962507868e+00
1.146803223176544373e+00
1.145577251554495080e+00
1.144365397007494511e+00
1.143167462515777055e+00
1.141983254083708710e+00
1.140812580695180545e+00
1.139655254269384743e+00
1.138511089616983440e+00
1.137379904396687236e+00
1.136261519072259585e+00
1.135155756869947963e+00
1.134062443736366443e+00
1.132981408296824144e+00
1.131912481814118854e+00
1.130855498147795180e+00
1.129810293713879421e+00
1.128776707445091176e+00
1.127754580751538338e+00
1.126743757481901476e+00
1.125744083885102498e+00
1.124755408572475135e+00
1.123777582480417037e+00
1.122810458833544578e+00
1.121853893108341493e+00
1.120907742997301781e+00
1.119971868373567103e+00
1.119046131256055565e+00
1.118130395775090324e+00
1.117224528138507811e+00
1.116328396598265549e+00
1.115441871417526265e+00
1.114564824838232715e+00
1.113697131049158351e+00
1.112838666154436940e+00
1.111989308142565802e+00
1.111148936855877345e+00
1.110317433960477107e+00
1.109494682916647657e+00
1.108680568949703460e+00
1.107874979021301609e+00
1.107077801801204187e+00
1.106288927639481834e+00
1.105508248539155636e+00
1.104735658129277098e+00
1.103971051638432010e+00
1.103214325868676626e+00
1.102465379169886184e+00
1.101724111414519980e+00
1.100990423972797672e+00
1.100264219688277034e+00
1.099545402853832288e+00
1.098833879188024110e+00
1.098129555811855784e+00
1.097432341225921038e+00
1.096742145287917580e+00
1.096058879190542790e+00
1.095382455439748881e+00
1.094712787833366896e+00
1.094049791440081298e+00
1.093393382578757844e+00
1.092743478798120726e+00
1.092099998856763898e+00
1.091462862703504122e+00
1.090831991458063532e+00
1.090207307392073943e+00
1.089588733910406670e+00
1.088976195532814550e+00
1.088369617875885487e+00
1.087768927635301530e+00
1.087174052568400828e+00
1.086584921477030230e+00
1.086001464190695653e+00
1.085423611549993339e+00
1.084851295390326875e+00
1.084284448525898448e+00
1.083723004733975648e+00
1.083166898739422956e+00
1.082616066199501015e+00
1.082070443688920580e+00
1.081529968685155607e+00
1.080994579554005242e+00
1.080464215535399841e+00
1.079938816729456130e+00
1.079418324082761282e+00
1.078902679374898810e+00
1.078391825205202270e+00
1.077885704979731907e+00
1.077384262898479106e+00
1.076887443942785350e+00
1.076395193862976996e+00
1.075907459166212110e+00
1.075424187104533358e+00
1.074945325663125173e+00
1.074470823548770992e+00
1.074000630178508553e+00
1.073534695668475480e+00
1.073072970822948946e+00
1.072615407123568065e+00
1.072161956718742148e+00
1.071712572413238806e+00
1.071267207657947695e+00
1.070825816539819231e+00
1.070388353771974721e+00
1.069954774683982812e+00
1.069525035212301134e+00
1.069099091890882036e+00
1.068676901841933313e+00
1.068258422766839688e+00
1.067843612937234843e+00
1.067432431186224662e+00
1.067024836899759466e+00
1.066620790008151687e+00
1.066220250977736095e+00
1.065823180802669690e+00
1.065429540996872149e+00
1.065039293586096836e+00
1.064652401100141477e+00
1.064268826565183401e+00
1.063888533496247124e+00
1.063511485889796271e+00
1.063137648216450071e+00
1.062766985413819976e+00
1.062399462879470180e+00
1.062035046463988275e+00
1.061673702464179581e+00
1.061315397616366951e+00
1.060960099089807818e+00
1.060607774480217369e+00
1.060258391803399425e+00
1.059911919488984555e+00
1.059568326374269231e+00
1.059227581698157561e+00
1.058889655095205162e+00
1.058554516589757633e+00
1.058222136590188711e+00
1.057892485883229927e+00
1.057565535628396614e+00
1.057241257352503405e+00
1.056919622944270110e+00
1.056600604649014841e+00
1.056284175063436193e+00
1.055970307130477126e+00
1.055658974134276784e+00
1.055350149695198914e+00
1.055043807764947994e+00
1.054739922621757087e+00
1.054438468865661171e+00
1.054139421413839983e+00
1.053842755496041450e+00
1.053548446650075743e+00
1.053256470717384596e+00
1.052966803838679022e+00
1.052679422449648960e+00
1.052394303276741994e+00
1.052111423333008444e+00
1.051830759914014424e+00
1.051552290593819050e+00
1.051275993221016058e+00
1.051001845914838917e+00
1.050729827061327892e+00
1.050459915309557291e+00
1.050192089567924203e+00
1.049926329000493652e+00
1.049662613023403912e+00
1.049400921301326672e+00
1.049141233743984714e+00
1.048883530502723316e+00
1.048627791967136069e+00
1.048373998761742865e+00
1.048122131742722063e+00
1.047872171994691071e+00
1.047624100827539095e+00
1.047377899773309196e+00
1.047133550583127626e+00
1.046891035224182476e+00
1.046650335876749383e+00
1.046411434931261430e+00
1.046174314985426346e+00
1.045938958841387878e+00
1.045705349502930259e+00
1.045473470172726183e+00
1.045243304249628080e+00
1.045014835326000036e+00
1.044788047185089441e+00
1.044562923798442622e+00
1.044339449323356206e+00
1.044117608100368688e+00
1.043897384650792182e+00
1.043678763674277699e+00
1.043461730046422176e+00
1.043246268816407918e+00
1.043032365204680456e+00
1.042820004600659267e+00
1.042609172560485575e+00
1.042399854804801684e+00
1.042192037216566503e+00
1.041985705838900156e+00
1.041780846872965238e+00
1.041577446675876928e+00
1.041375491758644634e+00
1.041174968784146504e+00
1.040975864565130138e+00
1.040778166062248378e+00
1.040581860382119750e+00
1.040386934775419547e+00
1.040193376635000000e+00
1.040001173494036646e+00
1.039810313024202681e+00
1.039620783033871287e+00
1.039432571466342603e+00
1.039245666398098011e+00
1.039060056037080626e+00
1.038875728720998426e+00
1.038692672915655590e+00
1.038510877213305150e+00
1.038330330331028506e+00
1.038151021109135597e+00
1.037972938509591270e+00
1.037796071614461635e+00
1.037620409624386175e+00
1.037445941857068066e+00
1.037272657745790472e+00
1.037100546837950388e+00
1.036929598793616902e+00
1.036759803384107892e+00
1.036591150490587587e+00
1.036423630102685678e+00
1.036257232317134180e+00
1.036091947336424957e+00
1.035927765467486550e+00
1.035764677120378563e+00
1.035602672807006464e+00
1.035441743139852599e+00
1.035281878830727198e+00
1.035123070689535352e+00
1.034965309623062657e+00
1.034808586633776839e+00
1.034652892818647363e+00
1.034498219367981697e+00
1.034344557564276013e+00
1.034191898781083863e+00
1.034040234481900633e+00
1.033889556219062866e+00
1.033739855632662907e+00
1.033591124449479315e+00
1.033443354481921039e+00
1.033296537626987810e+00
1.033150665865243623e+00
1.033005731259804882e+00
1.032861725955342092e+00
1.032718642177097301e+00
1.032576472229911113e+00
1.032435208497267443e+00
1.032294843440348941e+00
1.032155369597104411e+00
1.032016779581332644e+00
1.031879066081774932e+00
1.031742221861221775e+00
1.031606239755631593e+00
1.031471112673261858e+00
1.031336833593810454e+00
1.031203395567570569e+00
1.031070791714595369e+00
1.030939015223875321e+00
1.030808059352525952e+00
1.030677917424985823e+00
1.030548582832227389e+00
1.030420049030975616e+00
1.030292309542939710e+00
1.030165357954053063e+00
1.030039187913724952e+00
1.029913793134101363e+00
1.029789167389335125e+00
1.029665304514867374e+00
1.029542198406716791e+00
1.029419843020779268e+00
1.029298232372137578e+00
1.029177360534377028e+00
1.029057221638914665e+00
1.028937809874333142e+00
1.028819119485726574e+00
1.028701144774051945e+00
1.028583880095492065e+00
1.028467319860825180e+00
1.028351458534801921e+00
1.028236290635532679e+00
1.028121810733880981e+00
1.028008013452866409e+00
1.027894893467073523e+00
1.027782445502069431e+00
1.027670664333829587e+00
1.027559544788169132e+00
1.027449081740183123e+00
1.027339270113693193e+00
1.027230104880702433e+00
1.027121581060855160e+00
1.027013693720905563e+00
1.026906437974192787e+00
1.026799808980121798e+00
1.026693801943651563e+00
1.026588412114789906e+00
1.026483634788094346e+00
1.026379465302179383e+00
1.026275899039230444e+00
1.026172931424523149e+00
1.026070557925949256e+00
1.025968774053549026e+00
1.025867575359047823e+00
1.025766957435400917e+00
1.025666915916341182e+00
1.025567446475935895e+00
1.025468544828145756e+00
1.025370206726390787e+00
1.025272427963122679e+00
1.025175204369400905e+00
1.025078531814474392e+00
1.024982406205369623e+00
1.024886823486482079e+00
1.024791779639173450e+00
1.024697270681375283e+00
1.024603292667194410e+00
1.024509841686525924e+00
1.024416913864670375e+00
1.024324505361954518e+00
1.024232612373357831e+00
1.024141231128143703e+00
1.024050357889493723e+00
1.023959988954148193e+00
1.023870120652049964e+00
1.023780749345993168e+00
1.023691871431275491e+00
1.023603483335355557e+00
1.023515581517513651e+00
1.023428162468516867e+00
1.023341222710288934e+00
1.023254758795583141e+00
1.023168767307658822e+00
1.023083244859964047e+00
1.022998188095818106e+00
1.022913593688102862e+00
1.022829458338953001e+00
1.022745778779452941e+00
1.022662551769337069e+00
1.022579774096691763e+00
1.022497442577663174e+00
1.022415554056167020e+00
1.022334105403602589e+00
1.022253093518569855e+00
1.022172515326589481e+00
1.022092367779827038e+00
1.022012647856819889e+00
1.021933352562207853e+00
1.021854478926464971e+00
1.021776024005638828e+00
1.021697984881087207e+00
1.021620358659223182e+00
1.021543142471258658e+00
1.021466333472955235e+00
1.021389928844373740e+00
1.021313925789630206e+00
1.021238321536652283e+00
1.021163113336939432e+00
1.021088298465326671e+00
1.021013874219748985e+00
1.020939837921010618e+00
1.020866186912556151e+00
1.020792918560242901e+00
1.020720030252119104e+00
1.020647519398200975e+00
1.020575383430255112e+00
1.020503619801582662e+00
1.020432225986804164e+00
1.020361199481650161e+00
1.020290537802750697e+00
1.020220238487430597e+00
1.020150299093503632e+00
1.020080717199072451e+00
1.020011490402327636e+00
1.019942616321351414e+00
1.019874092593922255e+00
1.019805916877321916e+00
1.019738086848145819e+00
1.019670600202112976e+00
1.019603454653880803e+00
1.019536647936860607e+00
1.019470177803035282e+00
1.019404042022779233e+00
1.019338238384679629e+00
1.019272764695360989e+00
1.019207618779310875e+00
1.019142798478707590e+00
1.019078301653248975e+00
1.019014126179985436e+00
1.018950269953151855e+00
1.018886730884004166e+00
1.018823506900655262e+00
1.018760595947914460e+00
1.018697995987128291e+00
1.018635704996021962e+00
1.018573720968544816e+00
1.018512041914715116e+00
1.018450665860467508e+00
1.018389590847503134e+00
1.018328814933139537e+00
1.018268336190163659e+00
1.018208152706685299e+00
1.018148262585993447e+00
1.018088663946413064e+00
1.018029354921163865e+00
1.017970333658220650e+00
1.017911598320175193e+00
1.017853147084099463e+00
1.017794978141410178e+00
1.017737089697735353e+00
1.017679479972781520e+00
1.017622147200203608e+00
1.017565089627474384e+00
1.017508305515756994e+00
1.017451793139777960e+00
1.017395550787701719e+00
1.017339576761006725e+00
1.017283869374362881e+00
1.017228426955508969e+00
1.017173247845134076e+00
1.017118330396757919e+00
1.017063672976612487e+00
1.017009273963527249e+00
1.016955131748812802e+00
1.016901244736146515e+00
1.016847611341462176e+00
1.016794229992834975e+00
1.016741099130373804e+00
1.016688217206111577e+00
1.016635582683895533e+00
1.016583194039282212e+00
1.016531049759430427e+00
1.016479148342997130e+00
1.016427488300033710e+00
1.016376068151882528e+00
1.016324886431077212e+00
1.016273941681240078e+00
1.016223232456984427e+00
1.016172757323815068e+00
1.016122514858031511e+00
1.016072503646631597e+00
1.016022722287216018e+00
1.015973169387893282e+00
1.015923843567187790e+00
1.015874743453945461e+00
1.015825867687244255e+00
1.015777214916301352e+00
1.015728783800386115e+00
1.015680573008728604e+00
1.015632581220433650e+00
1.015584807124393585e+00
1.015537249419201205e+00
1.015489906813066057e+00
1.015442778023728509e+00
1.015395861778377817e+00
1.015349156813568410e+00
1.015302661875138623e+00
1.015256375718129211e+00
1.015210297106704296e+00
1.015164424814070543e+00
1.015118757622399670e+00
1.015073294322750508e+00
1.015028033714991285e+00
1.014982974607724797e+00
1.014938115818211362e+00
1.014893456172295316e+00
1.014848994504330637e+00
1.014804729657107663e+00
1.014760660481780263e+00
1.014716785837795232e+00
1.014673104592819675e+00
1.014629615622672176e+00
1.014586317811251304e+00
1.014543210050468769e+00
1.014500291240179264e+00
1.014457560288114291e+00
1.014415016109813994e+00
1.014372657628561436e+00
1.014330483775317315e+00
1.014288493488654019e+00
1.014246685714691898e+00
1.014205059407035758e+00
1.014163613526710694e+00
1.014122347042101024e+00
1.014081258928886786e+00
1.014040348169984007e+00
1.013999613755482532e+00
1.013959054682587180e+00
1.013918669955557572e+00
1.013878458585648845e+00
1.013838419591053919e+00
1.013798551996845543e+00
1.013758854834919010e+00
1.013719327143934423e+00
1.013679967969262519e+00
1.013640776362927376e+00
1.013601751383551575e+00
1.013562892096302903e+00
1.013524197572837959e+00
1.013485666891251080e+00
1.013447299136019719e+00
1.013409093397952043e+00
1.013371048774136085e+00
1.013333164367886674e+00
1.013295439288695254e+00
1.013257872652179259e+00
1.013220463580032149e+00
1.013183211199973011e+00
1.013146114645698592e+00
1.013109173056833567e+00
1.013072385578883239e+00
1.013035751363185133e+00
1.012999269566861482e+00
1.012962939352773262e+00
1.012926759889473116e+00
1.012890730351159174e+00
1.012854849917630196e+00
1.012819117774239608e+00
1.012783533111851764e+00
1.012748095126796199e+00
1.012712803020825447e+00
1.012677656001070181e+00
1.012642653279996585e+00
1.012607794075363943e+00
1.012573077610182226e+00
1.012538503112669908e+00
1.012504069816212660e+00
1.012469776959322054e+00
1.012435623785595151e+00
1.012401609543673864e+00
1.012367733487204990e+00
1.012333994874800691e+00
1.012300392969998741e+00
1.012266927041224340e+00
1.012233596361751253e+00
1.012200400209662954e+00
1.012167337867815764e+00
1.012134408623801107e+00
1.012101611769907761e+00
1.012068946603085218e+00
1.012036412424908161e+00
1.012004008541538491e+00
1.011971734263690914e+00
1.011939588906596965e+00
1.011907571789969928e+00
1.011875682237969754e+00
1.011843919579168194e+00
1.011812283146515279e+00
1.011780772277304674e+00
1.011749386313141041e+00
1.011718124599905178e+00
1.011686986487722040e+00
1.011655971330928105e+00
1.011625078488038065e+00
1.011594307321713071e+00
1.011563657198729427e+00
1.011533127489946171e+00
1.011502717570273768e+00
1.011472426818643910e+00
1.011442254617977765e+00
1.011412200355155999e+00
1.011382263420988359e+00
1.011352443210184138e+00
1.011322739121321534e+00
1.011293150556819676e+00
1.011263676922908195e+00
1.011234317629598145e+00
1.011205072090654911e+00
1.011175939723568007e+00
1.011146919949523992e+00
1.011118012193378712e+00
1.011089215883628212e+00
1.011060530452383199e+00
1.011031955335340182e+00
1.011003489971755709e+00
1.010975133804419279e+00
1.010946886279626256e+00
1.010918746847152327e+00
1.010890714960227754e+00
1.010862790075510276e+00
1.010834971653060910e+00
1.010807259156317750e+00
1.010779652052071320e+00
1.010752149810438594e+00
1.010724751904840346e+00
1.010697457811974509e+00
1.010670267011792856e+00
1.010643178987477020e+00
1.010616193225414738e+00
1.010589309215175202e+00
1.010562526449486409e+00
1.010535844424212515e+00
1.010509262638328964e+00
1.010482780593901175e+00
1.010456397796061445e+00
1.010430113752985859e+00
1.010403927975873195e+00
1.010377839978921166e+00
1.010351849279306435e+00
1.010325955397161524e+00
1.010300157855553049e+00
1.010274456180461966e+00
1.010248849900760471e+00
1.010223338548192462e+00
1.010197921657352005e+00
1.010172598765662233e+00
1.010147369413356255e+00
1.010122233143455617e+00
1.010097189501750314e+00
1.010072238036779479e+00
1.010047378299810727e+00
1.010022609844821506e+00
1.009997932228478223e+00
1.009973345010118484e+00
1.009948847751731105e+00
1.009924440017936798e+00
1.009900121375969961e+00
1.009875891395659808e+00
1.009851749649412156e+00
1.009827695712189888e+00
1.009803729161496300e+00
1.009779849577356003e+00
1.009756056542297165e+00
1.009732349641334181e+00
1.009708728461949256e+00
1.009685192594075520e+00
1.009661741630079934e+00
1.009638375164745305e+00
1.009615092795253410e+00
1.009591894121168565e+00
1.009568778744420969e+00
1.009545746269288724e+00
1.009522796302382952e+00
1.009499928452630702e+00
1.009477142331258070e+00
1.009454437551775774e+00
1.009431813729960936e+00
1.009409270483843546e+00
1.009386807433689137e+00
1.009364424201983690e+00
1.009342120413418309e+00
1.009319895694873237e+00
1.009297749675404088e+00
1.009275681986224971e+00
1.009253692260694724e+00
1.009231780134301371e+00
1.009209945244648354e+00
1.009188187231438327e+00
1.009166505736460495e+00
1.009144900403574407e+00
1.009123370878697745e+00
1.009101916809789667e+00
1.009080537846839487e+00
1.009059233641850017e+00
1.009038003848826470e+00
1.009016848123760246e+00
1.008995766124616944e+00
1.008974757511322595e+00
1.008953821945749674e+00
1.008932959091704440e+00
1.008912168614913618e+00
1.008891450183010852e+00
1.008870803465524935e+00
1.008850228133864935e+00
1.008829723861309757e+00
1.008809290322993935e+00
1.008788927195895191e+00
1.008768634158822675e+00
1.008748410892404079e+00
1.008728257079073209e+00
1.008708172403058656e+00
1.008688156550370474e+00
1.008668209208789301e+00
1.008648330067853705e+00
1.008628518818849074e+00
1.008608775154794968e+00
1.008589098770434678e+00
1.008569489362222349e+00
1.008549946628313210e+00
1.008530470268550250e+00
1.008511059984454894e+00
1.008491715479214124e+00
1.008472436457670929e+00
1.008453222626312096e+00
1.008434073693257771e+00
1.008414989368250581e+00
1.008395969362645417e+00
1.008377013389397669e+00
1.008358121163053456e+00
1.008339292399738740e+00
1.008320526817149343e+00
1.008301824134540059e+00
1.008283184072714889e+00
1.008264606354016157e+00
1.008246090702315190e+00
1.008227636843002095e+00
1.008209244502975332e+00
1.008190913410632383e+00
1.008172643295859094e+00
1.008154433890021684e+00
1.008136284925954751e+00
1.008118196137953948e+00
1.008100167261764657e+00
1.008082198034573773e+00
1.008064288194999492e+00
1.008046437483082647e+00
1.008028645640277166e+00
1.008010912409441184e+00
1.007993237534827280e+00
1.007975620762074254e+00
1.007958061838198027e+00
1.007940560511581873e+00
1.007923116531968644e+00
1.007905729650452109e+00
1.007888399619466968e+00
1.007871126192781963e+00
1.007853909125489444e+00
1.007836748173998931e+00
1.007819643096026452e+00
1.007802593650588108e+00
1.007785599597990966e+00
1.007768660699824403e+00
1.007751776718952774e+00
1.007734947419506311e+00
1.007718172566874237e+00
1.007701451927695446e+00
1.007684785269851835e+00
1.007668172362459424e+00
1.007651612975861033e+00
1.007635106881618503e+00
1.007618653852504709e+00
1.007602253662496228e+00
1.007585906086765126e+00
1.007569610901672297e+00
1.007553367884759465e+00
1.007537176814741642e+00
1.007521037471500014e+00
1.007504949636074620e+00
1.007488913090656579e+00
1.007472927618581648e+00
1.007456993004322232e+00
1.007441109033481386e+00
1.007425275492784378e+00
1.007409492170072696e+00
1.007393758854296717e+00
1.007378075335508383e+00
1.007362441404855424e+00
1.007346856854573369e+00
1.007331321477979547e+00
1.007315835069466425e+00
1.007300397424493843e+00
1.007285008339583676e+00
1.007269667612312958e+00
1.007254375041306771e+00
1.007239130426232476e+00
1.007223933567792606e+00
1.007208784267719537e+00
1.007193682328767492e+00
1.007178627554707884e+00
1.007163619750322425e+00
1.007148658721396473e+00
1.007133744274713472e+00
1.007118876218048964e+00
1.007104054360163703e+00
1.007089278510798547e+00
1.007074548480667575e+00
1.007059864081452982e+00
1.007045225125798860e+00
1.007030631427305201e+00
1.007016082800521684e+00
1.007001579060943230e+00
1.006987120025002680e+00
1.006972705510066124e+00
1.006958335334427135e+00
1.006944009317300326e+00
1.006929727278817355e+00
1.006915489040019596e+00
1.006901294422853699e+00
1.006887143250166261e+00
1.006873035345697609e+00
1.006858970534076914e+00
1.006844948640817305e+00
1.006830969492309213e+00
1.006817032915816368e+00
1.006803138739470471e+00
1.006789286792264759e+00
1.006775476904050670e+00
1.006761708905530739e+00
1.006747982628255711e+00
1.006734297904617437e+00
1.006720654567844875e+00
1.006707052451998985e+00
1.006693491391968065e+00
1.006679971223462200e+00
1.006666491783008377e+00
1.006653052907946710e+00
1.006639654436424225e+00
1.006626296207391080e+00
1.006612978060594799e+00
1.006599699836577155e+00
1.006586461376667518e+00
1.006573262522980183e+00
1.006560103118407712e+00
1.006546983006618490e+00
1.006533902032050065e+00
1.006520860039906484e+00
1.006507856876152074e+00
1.006494892387508555e+00
1.006481966421449714e+00
1.006469078826196961e+00
1.006456229450715112e+00
1.006443418144708390e+00
1.006430644758615767e+00
1.006417909143606515e+00
1.006405211151576218e+00
1.006392550635142547e+00
1.006379927447641043e+00
1.006367341443120678e+00
1.006354792476340076e+00
1.006342280402763079e+00
1.006329805078555184e+00
1.006317366360578447e+00
1.006304964106389033e+00
1.006292598174231445e+00
1.006280268423035640e+00
1.006267974712413249e+00
1.006255716902652697e+00
1.006243494854716092e+00
1.006231308430235005e+00
1.006219157491506699e+00
1.006207041901490351e+00
1.006194961523803277e+00
1.006182916222716717e+00
1.006170905863152942e+00
1.006158930310681043e+00
1.006146989431512928e+00
1.006135083092499993e+00
1.006123211161130016e+00
1.006111373505521822e+00
1.006099569994424181e+00
1.006087800497210027e+00
1.006076064883873800e+00
1.006064363025027886e+00
1.006052694791899738e+00
1.006041060056326542e+00
1.006029458690754330e+00
1.006017890568231987e+00
1.006006355562409693e+00
1.005994853547534484e+00
1.005983384398447811e+00
1.005971947990581095e+00
1.005960544199953066e+00
1.005949172903166655e+00
1.005937833977404772e+00
1.005926527300428086e+00
1.005915252750571476e+00
1.005904010206740473e+00
1.005892799548408156e+00
1.005881620655612485e+00
1.005870473408952304e+00
1.005859357689585343e+00
1.005848273379223334e+00
1.005837220360131123e+00
1.005826198515122005e+00
1.005815207727554839e+00
1.005804247881331825e+00
1.005793318860894514e+00
1.005782420551221801e+00
1.005771552837826155e+00
1.005760715606750511e+00
1.005749908744566268e+00
1.005739132138369740e+00
1.005728385675779268e+00
1.005717669244932555e+00
1.005706982734483113e+00
1.005696326033598931e+00
1.005685699031958036e+00
1.005675101619746270e+00
1.005664533687654849e+00
1.005653995126877476e+00
1.005643485829106565e+00
1.005633005686532577e+00
1.005622554591838913e+00
1.005612132438201023e+00
1.005601739119283078e+00
1.005591374529234860e+00
1.005581038562689988e+00
1.005570731114762362e+00
1.005560452081044609e+00
1.005550201357604090e+00
1.005539978840981785e+00
1.005529784428188744e+00
1.005519618016703864e+00
1.005509479504471226e+00
1.005499368789897874e+00
1.005489285771850927e+00
1.005479230349655362e+00
1.005469202423091346e+00
1.005459201892391574e+00
1.005449228658239935e+00
1.005439282621767294e+00
1.005429363684551047e+00
1.005419471748610682e+00
1.005409606716407112e+00
1.005399768490839563e+00
1.005389956975243138e+00
1.005380172073386591e+00
1.005370413689470110e+00
1.005360681728123318e+00
1.005350976094401938e+00
1.005341296693786690e+00
1.005331643432180178e+00
1.005322016215905112e+00
1.005312414951701872e+00
1.005302839546726279e+00
1.005293289908547827e+00
1.005283765945146790e+00
1.005274267564912005e+00
1.005264794676639539e+00
1.005255347189530024e+00
1.005245925013186215e+00
1.005236528057611434e+00
1.005227156233207353e+00
1.005217809450770883e+00
1.005208487621493951e+00
1.005199190656959951e+00
1.005189918469141741e+00
1.005180670970400758e+00
1.005171448073483464e+00
1.005162249691520682e+00
1.005153075738024038e+00
1.005143926126885967e+00
1.005134800772375936e+00
1.005125699589139110e+00
1.005116622492194800e+00
1.005107569396933576e+00
1.005098540219116376e+00
1.005089534874872070e+00
1.005080553280695010e+00
1.005071595353444147e+00
1.005062661010340586e+00
1.005053750168965587e+00
1.005044862747258794e+00
1.005035998663516672e+00
1.005027157836390073e+00
1.005018340184883563e+00
1.005009545628351431e+00
1.005000774086498572e+00
1.004992025479376494e+00
1.004983299727382429e+00
1.004974596751257776e+00
1.004965916472085663e+00
1.004957258811289833e+00
1.004948623690632648e+00
1.004940011032212643e+00
1.004931420758464311e+00
1.004922852792154986e+00
1.004914307056383960e+00
1.004905783474579817e+00
1.004897281970500433e+00
1.004888802468229203e+00
1.004880344892175481e+00
1.004871909167070809e+00
1.004863495217969138e+00
1.004855102970244163e+00
1.004846732349587324e+00
1.004838383282007808e+00
1.004830055693828994e+00
1.004821749511688012e+00
1.004813464662534184e+00
1.004805201073626808e+00
1.004796958672533824e+00
1.004788737387130704e+00
1.004780537145598229e+00
1.004772357876421163e+00
1.004764199508387357e+00
1.004756061970584868e+00
1.004747945192401737e+00
1.004739849103523763e+00
1.004731773633933400e+00
1.004723718713907754e+00
1.004715684274017917e+00
1.004707670245126305e+00
1.004699676558386212e+00
1.004691703145240256e+00
1.004683749937418380e+00
1.004675816866936522e+00
1.004667903866095724e+00
1.004660010867480358e+00
1.004652137803956347e+00
1.004644284608670501e+00
1.004636451215048520e+00
1.004628637556793880e+00
1.004620843567886279e+00
1.004613069182580531e+00
1.004605314335404787e+00
1.004597578961159421e+00
1.004589862994916150e+00
1.004582166372015584e+00
1.004574489028066786e+00
1.004566830898945717e+00
1.004559191920793904e+00
1.004551572030016660e+00
1.004543971163282867e+00
1.004536389257522533e+00
1.004528826249926121e+00
1.004521282077943223e+00
1.004513756679280778e+00
1.004506249991903077e+00
1.004498761954028430e+00
1.004491292504130273e+00
1.004483841580934289e+00
1.004476409123417069e+00
1.004468995070806558e+00
1.004461599362578950e+00
1.004454221938458236e+00
1.004446862738415547e+00
1.004439521702666704e+00
1.004432198771672446e+00
1.004424893886135761e+00
1.004417606987002110e+00
1.004410338015456761e+00
1.004403086912925458e+00
1.004395853621071533e+00
1.004388638081795682e+00
1.004381440237234191e+00
1.004374260029758936e+00
1.004367097401974718e+00
1.004359952296719705e+00
1.004352824657062548e+00
1.004345714426302827e+00
1.004338621547969268e+00
1.004331545965818639e+00
1.004324487623834417e+00
1.004317446466226782e+00
1.004310422437429517e+00
1.004303415482101114e+00
1.004296425545122551e+00
1.004289452571595742e+00
1.004282496506843980e+00
1.004275557296409493e+00
1.004268634886052780e+00
1.004261729221752386e+00
1.004254840249702241e+00
1.004247967916312545e+00
1.004241112168206662e+00
1.004234272952222229e+00
1.004227450215408268e+00
1.004220643905025634e+00
1.004213853968544790e+00
1.004207080353645587e+00
1.004200323008216378e+00
1.004193581880352459e+00
1.004186856918355186e+00
1.004180148070731304e+00
1.004173455286191619e+00
1.004166778513650993e+00
1.004160117702225463e+00
1.004153472801233349e+00
1.004146843760192809e+00
1.004140230528821842e+00
1.004133633057036956e+00
1.004127051294951833e+00
1.004120485192877332e+00
1.004113934701319710e+00
1.004107399770980180e+00
1.004100880352753800e+00
1.004094376397728583e+00
1.004087887857184835e+00
1.004081414682593376e+00
1.004074956825616205e+00
1.004068514238104060e+00
1.004062086872096415e+00
1.004055674679820376e+00
1.004049277613689561e+00
1.004042895626303888e+00
1.004036528670447570e+00
1.004030176699089782e+00
1.004023839665382223e+00
1.004017517522659775e+00
1.004011210224438067e+00
1.004004917724413914e+00
1.003998639976464213e+00
1.003992376934644382e+00
1.003986128553188362e+00
1.003979894786507510e+00
1.003973675589189707e+00
1.003967470915998472e+00
1.003961280721872296e+00
1.003955104961923972e+00
1.003948943591439491e+00
1.003942796565877371e+00
1.003936663840867993e+00
1.003930545372212269e+00
1.003924441115881638e+00
1.003918351028016964e+00
1.003912275064927195e+00
1.003906213183089813e+00
1.003900165339148831e+00
1.003894131489914576e+00
1.003888111592363019e+00
1.003882105603634667e+00
1.003876113481034560e+00
1.003870135182030499e+00
1.003864170664252820e+00
1.003858219885493508e+00
1.003852282803706197e+00
1.003846359377004172e+00
1.003840449563660364e+00
1.003834553322106915e+00
1.003828670610933615e+00
1.003822801388887909e+00
1.003816945614873779e+00
1.003811103247951309e+00
1.003805274247335788e+00
1.003799458572396830e+00
1.003793656182658367e+00
1.003787867037796877e+00
1.003782091097641826e+00
1.003776328322174338e+00
1.003770578671526081e+00
1.003764842105980160e+00
1.003759118585968224e+00
1.003753408072072029e+00
1.003747710525020986e+00
1.003742025905692614e+00
1.003736354175110979e+00
1.003730695294447361e+00
1.003725049225017818e+00
1.003719415928284064e+00
1.003713795365852368e+00
1.003708187499472215e+00
1.003702592291036533e+00
1.003697009702581022e+00
1.003691439696282384e+00
1.003685882234459648e+00
1.003680337279571511e+00
1.003674804794217001e+00
1.003669284741134593e+00
1.003663777083201314e+00
1.003658281783432304e+00
1.003652798804980151e+00
1.003647328111134440e+00
1.003641869665320874e+00
1.003636423431100821e+00
1.003630989372170879e+00
1.003625567452362199e+00
1.003620157635639165e+00
1.003614759886100050e+00
1.003609374167975687e+00
1.003604000445628808e+00
1.003598638683553812e+00
1.003593288846376108e+00
1.003587950898851222e+00
1.003582624805864354e+00
1.003577310532430600e+00
1.003572008043692954e+00
1.003566717304922529e+00
1.003561438281518559e+00
1.003556170939006842e+00
1.003550915243039077e+00
1.003545671159393970e+00
1.003540438653974132e+00
1.003535217692808290e+00
1.003530008242048188e+00
1.003524810267969691e+00
1.003519623736972122e+00
1.003514448615576926e+00
1.003509284870427676e+00
1.003504132468289400e+00
1.003498991376048144e+00
1.003493861560710743e+00
1.003488742989403271e+00
1.003483635629371706e+00
1.003478539447981044e+00
1.003473454412713961e+00
1.003468380491171708e+00
1.003463317651072551e+00
1.003458265860251331e+00
1.003453225086659906e+00
1.003448195298365375e+00
1.003443176463550301e+00
1.003438168550512266e+00
1.003433171527662982e+00
1.003428185363528069e+00
1.003423210026746393e+00
1.003418245486069837e+00
1.003413291710362421e+00
1.003408348668600514e+00
1.003403416329871511e+00
1.003398494663373608e+00
1.003393583638416020e+00
1.003388683224417210e+00
1.003383793390905776e+00
1.003378914107519115e+00
1.003374045344002985e+00
1.003369187070211499e+00
1.003364339256106685e+00
1.003359501871757153e+00
1.003354674887338760e+00
1.003349858273133055e+00
1.003345051999527948e+00
1.003340256037016598e+00
1.003335470356197190e+00
1.003330694927771605e+00
1.003325929722546972e+00
1.003321174711433228e+00
1.003316429865443338e+00
1.003311695155693739e+00
1.003306970553402344e+00
1.003302256029889428e+00
1.003297551556576295e+00
1.003292857104985503e+00
1.003288172646739973e+00
1.003283498153563214e+00
1.003278833597277764e+00
1.003274178949806084e+00
1.003269534183168776e+00
1.003264899269485699e+00
1.003260274180974188e+00
1.003255658889949498e+00
1.003251053368823698e+00
1.003246457590106333e+00
1.003241871526402873e+00
1.003237295150414710e+00
1.003232728434939158e+00
1.003228171352868570e+00
1.003223623877189885e+00
1.003219085980984859e+00
1.003214557637428950e+00
1.003210038819791317e+00
1.003205529501434379e+00
1.003201029655813148e+00
1.003196539256475672e+00
1.003192058277061038e+00
1.003187586691301370e+00
1.003183124473018717e+00
1.003178671596126836e+00
1.003174228034629856e+00
1.003169793762622275e+00
1.003165368754288078e+00
1.003160952983900511e+00
1.003156546425822082e+00
1.003152149054504338e+00
1.003147760844486536e+00
1.003143381770396303e+00
1.003139011806948311e+00
1.003134650928945160e+00
1.003130299111275825e+00
1.003125956328916102e+00
1.003121622556927273e+00
1.003117297770457217e+00
1.003112981944738635e+00
1.003108675055089938e+00
1.003104377076913689e+00
1.003100087985697053e+00
1.003095807757011126e+00
1.003091536366510939e+00
1.003087273789935008e+00
1.003083020003104009e+00
1.003078774981922328e+00
1.003074538702376062e+00
1.003070311140533244e+00
1.003066092272544285e+00
1.003061882074639977e+00
1.003057680523132822e+00
1.003053487594415705e+00
1.003049303264961667e+00
1.003045127511324131e+00
1.003040960310135787e+00
1.003036801638109266e+00
1.003032651472035575e+00
1.003028509788784994e+00
1.003024376565305742e+00
1.003020251778624639e+00
1.003016135405845555e+00
1.003012027424150521e+00
1.003007927810798172e+00
1.003003836543124194e+00
1.002999753598541099e+00
1.002995678954536896e+00
1.002991612588675974e+00
1.002987554478598442e+00
1.002983504602019016e+00
1.002979462936728128e+00
1.002975429460590373e+00
1.002971404151545176e+00
1.002967386987605680e+00
1.002963377946858969e+00
1.002959377007465402e+00
1.002955384147659057e+00
1.002951399345746175e+00
1.002947422580106052e+00
1.002943453829190368e+00
1.002939493071522525e+00
1.002935540285698091e+00
1.002931595450383462e+00
1.002927658544316536e+00
1.002923729546306486e+00
1.002919808435232207e+00
1.002915895190043871e+00
1.002911989789760705e+00
1.002908092213472546e+00
1.002904202440338288e+00
1.002900320449586102e+00
1.002896446220512772e+00
1.002892579732484579e+00
1.002888720964935310e+00
1.002884869897367137e+00
1.002881026509350404e+00
1.002877190780522509e+00
1.002873362690588577e+00
1.002869542219320564e+00
1.002865729346557266e+00
1.002861924052203646e+00
1.002858126316231724e+00
1.002854336118678580e+00
1.002850553439647463e+00
1.002846778259307570e+00
1.002843010557892045e+00
1.002839250315700426e+00
1.002835497513095753e+00
1.002831752130506349e+00
1.002828014148424263e+00
1.002824283547405493e+00
1.002820560308069986e+00
1.002816844411100972e+00
1.002813135837244962e+00
1.002809434567311087e+00
1.002805740582171312e+00
1.002802053862760667e+00
1.002798374390075464e+00
1.002794702145174410e+00
1.002791037109177941e+00
1.002787379263267997e+00
1.002783728588687584e+00
1.002780085066740989e+00
1.002776448678792898e+00
1.002772819406268834e+00
1.002769197230654274e+00
1.002765582133495315e+00
1.002761974096397335e+00
1.002758373101025446e+00
1.002754779129104490e+00
1.002751192162417704e+00
1.002747612182808057e+00
1.002744039172176471e+00
1.002740473112482933e+00
1.002736913985745160e+00
1.002733361774039045e+00
1.002729816459498435e+00
1.002726278024314466e+00
1.002722746450735558e+00
1.002719221721067644e+00
1.002715703817673276e+00
1.002712192722971629e+00
1.002708688419438054e+00
1.002705190889604969e+00
1.002701700116059857e+00
1.002698216081446825e+00
1.002694738768465044e+00
1.002691268159869198e+00
1.002687804238469260e+00
1.002684346987129604e+00
1.002680896388770337e+00
1.002677452426365301e+00
1.002674015082942960e+00
1.002670584341585958e+00
1.002667160185430451e+00
1.002663742597666552e+00
1.002660331561538332e+00
1.002656927060342262e+00
1.002653529077428773e+00
1.002650137596200475e+00
1.002646752600113267e+00
1.002643374072675009e+00
1.002640001997446184e+00
1.002636636358039235e+00
1.002633277138118784e+00
1.002629924321400523e+00
1.002626577891652326e+00
1.002623237832692915e+00
1.002619904128392303e+00
1.002616576762671574e+00
1.002613255719502217e+00
1.002609940982906567e+00
1.002606632536956921e+00
1.002603330365776202e+00
1.002600034453536848e+00
1.002596744784461480e+00
1.002593461342822012e+00
1.002590184112940097e+00
1.002586913079185793e+00
1.002583648225979340e+00
1.002580389537789163e+00
1.002577136999132312e+00
1.002573890594574468e+00
1.002570650308729494e+00
1.002567416126259880e+00
1.002564188031875192e+00
1.002560966010333621e+00
1.002557750046440210e+00
1.002554540125047966e+00
1.002551336231056966e+00
1.002548138349413920e+00
1.002544946465113052e+00
1.002541760563194995e+00
1.002538580628746567e+00
1.002535406646901883e+00
1.002532238602840131e+00
1.002529076481787351e+00
1.002525920269014881e+00
1.002522769949840020e+00
1.002519625509625367e+00
1.002516486933779261e+00
1.002513354207754448e+00
1.002510227317049640e+00
1.002507106247207513e+00
