5.098274396986970380e+00
5.086280343755687383e+00
5.075412341539836447e+00
5.057660710708966612e+00
5.033336440772760767e+00
5.002910049884339294e+00
4.966947518443937781e+00
4.926078561055394545e+00
4.880967908345892781e+00
4.832289063740736523e+00
4.780701642407350960e+00
4.726833111828037559e+00
4.671265243736844042e+00
4.614525131410712966e+00
4.557080296220842541e+00
4.499337213728454188e+00
4.441642515357284715e+00
4.384286137521621995e+00
4.327505764572995517e+00
4.271492017331571134e+00
4.216393954028359481e+00
4.162324560828503550e+00
4.109366006400890114e+00
4.057574515525905312e+00
4.006984779929602780e+00
3.957613871733050459e+00
3.909464658396372805e+00
3.862528740416543815e+00
3.816788946810432570e+00
3.772221430803131881e+00
3.728797410982457539e+00
3.686484602936803245e+00
3.645248384176200673e+00
3.605052731764339047e+00
3.565860968144491050e+00
3.527636346520384159e+00
3.490342503115747341e+00
3.453943799838809170e+00
3.418405577411186780e+00
3.383694335918796092e+00
3.349777857015689086e+00
3.316625279642507085e+00
3.284207139086392058e+00
3.252495377475371541e+00
3.221463332334092655e+00
3.191085708595958526e+00
3.161338538437541423e+00
3.132199132445208978e+00
3.103646024916239643e+00
3.075658915513105551e+00
3.048218609011423830e+00
3.021306954491281171e+00
2.994906785004379124e+00
2.969001858491807866e+00
2.943576800521239711e+00
2.918617049246360118e+00
2.894108802859576279e+00
2.870038969705928089e+00
2.846395121144097651e+00
2.823165447178515919e+00
2.800338714838110032e+00
2.777904229241812573e+00
2.755851797264614156e+00
2.734171693699722905e+00
2.712854629799866579e+00
2.691891724073252057e+00
2.671274475206216081e+00
2.650994736983321332e+00
2.631044695077225271e+00
2.611416845583654833e+00
2.592103975180712006e+00
2.573099142797006689e+00
2.554395662678477841e+00
2.535987088749767082e+00
2.517867200171889586e+00
2.500029988004206505e+00
2.482469642884555849e+00
2.465180543647267353e+00
2.448157246804508524e+00
2.431394476821718165e+00
2.414887117123068805e+00
2.398630201767764092e+00
2.382618907742557468e+00
2.366848547820083581e+00
2.351314563936806490e+00
2.336012521047802437e+00
2.320938101419356858e+00
2.306087099323501199e+00
2.291455416101285003e+00
2.277039055564924475e+00
2.262834119710824154e+00
2.248836804718266080e+00
2.235043397210576543e+00
2.221450270757424850e+00
2.208053882598858486e+00
2.194850770573257392e+00
2.181837550233022061e+00
2.169010912132927960e+00
2.156367619277724579e+00
2.143904504716413584e+00
2.131618469271790772e+00
2.119506479394959619e+00
2.107565565135152585e+00
2.095792818216213327e+00
2.084185390211712452e+00
2.072740490811451508e+00
2.061455386172604598e+00
2.050327397349452241e+00
2.039353898795968512e+00
2.028532316936310309e+00
2.017860128798306896e+00
2.007334860705777047e+00
1.996954087025613944e+00
1.986715428966083774e+00
1.976616553422893663e+00
1.966655171870116181e+00
1.956829039292993233e+00
1.947135953160113342e+00
1.937573752432582452e+00
1.928140316607951377e+00
1.918833564796907920e+00
1.909651454830846085e+00
1.900591982398623703e+00
1.891653180210871810e+00
1.882833117190423344e+00
1.874129897687509150e+00
1.865541660718418981e+00
1.857066579226505754e+00
1.848702859364436346e+00
1.840448739796682442e+00
1.832302491021326141e+00
1.824262414710304148e+00
1.816326843067297858e+00
1.808494138202495050e+00
1.800762691523532855e+00
1.793130923141994515e+00
1.785597281294769356e+00
1.778160241779769946e+00
1.770818307405466641e+00
1.763570007453675759e+00
1.756413897155167270e+00
1.749348557177651475e+00
1.742372593125724123e+00
1.735484635052269020e+00
1.728683336981147178e+00
1.721967376440619368e+00
1.715335454007235416e+00
1.708786292859938660e+00
1.702318638343940149e+00
1.695931257544212034e+00
1.689622938868235558e+00
1.683392491637776267e+00
1.677238745689406230e+00
1.671160550983619819e+00
1.665156777222167150e+00
1.659226313473521008e+00
1.653368067806221919e+00
1.647580966929843349e+00
1.641863955843487100e+00
1.636215997491526020e+00
1.630636072426470351e+00
1.625123178478785846e+00
1.619676330433450051e+00
1.614294559713117305e+00
1.608976914067781649e+00
1.603722457270667423e+00
1.598530268820337330e+00
1.593399443648777947e+00
1.588329091835377405e+00
1.583318338326633379e+00
1.578366322661495680e+00
1.573472198702186686e+00
1.568635134370388151e+00
1.563854311388689133e+00
1.559128925027160273e+00
1.554458183854961151e+00
1.549841309496854613e+00
1.545277536394549234e+00
1.540766111572718700e+00
1.536306294409661044e+00
1.531897356412442068e+00
1.527538580996472994e+00
1.523229263269387790e+00
1.518968709819166873e+00
1.514756238506393071e+00
1.510591178260572987e+00
1.506472868880406324e+00
1.502400660837971635e+00
1.498373915086693042e+00
1.494392002873067948e+00
1.490454305551998315e+00
1.486560214405747482e+00
1.482709130466365988e+00
1.478900464341576182e+00
1.475133636043974850e+00
1.471408074823588041e+00
1.467723219003593593e+00
1.464078515819231097e+00
1.460473421259822269e+00
1.456907399913763834e+00
1.453379924816573743e+00
1.449890477301772007e+00
1.446438546854663443e+00
1.443023630968877535e+00
1.439645235005690083e+00
1.436302872055964297e+00
1.432996062804784199e+00
1.429724335398615986e+00
1.426487225315018481e+00
1.423284275234806495e+00
1.420115034916658914e+00
1.416979061074082669e+00
1.413875917254705961e+00
1.410805173721860983e+00
1.407766407338388426e+00
1.404759201452636219e+00
1.401783145786611229e+00
1.398837836326218387e+00
1.395922875213575942e+00
1.393037870641335774e+00
1.390182436748999661e+00
1.387356193521161130e+00
1.384558766687656428e+00
1.381789787625575139e+00
1.379048893263106423e+00
1.376335725985152303e+00
1.373649933540739276e+00
1.370991168952093497e+00
1.368359090425452340e+00
1.365753361263506882e+00
1.363173649779453100e+00
1.360619629212655113e+00
1.358090977645850961e+00
1.355587377923888726e+00
1.353108517573957670e+00
1.350654088727278435e+00
1.348223788042258509e+00
1.345817316629013494e+00
1.343434379975309678e+00
1.341074687873843096e+00
1.338737954350843307e+00
1.336423897595995225e+00
1.334132239893623728e+00
1.331862707555135028e+00
1.329615030852685731e+00
1.327388943954052047e+00
1.325184184858690273e+00
1.323000495334937243e+00
1.320837620858357209e+00
1.318695310551201816e+00
1.316573317122952558e+00
1.314471396811940807e+00
1.312389309328013010e+00
1.310326817796225063e+00
1.308283688701549874e+00
1.306259691834568804e+00
1.304254600238134110e+00
1.302268190154983296e+00
1.300300240976298261e+00
1.298350535191153732e+00
1.296418858336891855e+00
1.294504998950358976e+00
1.292608748520014617e+00
1.290729901438884442e+00
1.288868254958345450e+00
1.287023609142721847e+00
1.285195766824689168e+00
1.283384533561457541e+00
1.281589717591719912e+00
1.279811129793366309e+00
1.278048583641928637e+00
1.276301895169751344e+00
1.274570882925888160e+00
1.272855367936679194e+00
1.271155173667029903e+00
1.269470125982351538e+00
1.267800053111167280e+00
1.266144785608367851e+00
1.264504156319100403e+00
1.262878000343276907e+00
1.261266155000705158e+00
1.259668459796807749e+00
1.258084756388940573e+00
1.256514888553284859e+00
1.254958702152303207e+00
1.253416045102765164e+00
1.251886767344300599e+00
1.250370720808505975e+00
1.248867759388571086e+00
1.247377738909417166e+00
1.245900517098350369e+00
1.244435953556207952e+00
1.242983909728991421e+00
1.241544248879988377e+00
1.240116836062355343e+00
1.238701538092159105e+00
1.237298223521887897e+00
1.235906762614393362e+00
1.234527027317272152e+00
1.233158891237678301e+00
1.231802229617560140e+00
1.230456919309302455e+00
1.229122838751780078e+00
1.227799867946812507e+00
1.226487888435999318e+00
1.225186783277949054e+00
1.223896437025886019e+00
1.222616735705616575e+00
1.221347566793872907e+00
1.220088819197004515e+00
1.218840383230020308e+00
1.217602150595980204e+00
1.216374014365722900e+00
1.215155868957920271e+00
1.213947610119466836e+00
1.212749134906184523e+00
1.211560341663837859e+00
1.210381130009465567e+00
1.209211400813011705e+00
1.208051056179253457e+00
1.206899999430026016e+00
1.205758135086728799e+00
1.204625368853122103e+00
1.203501607598387091e+00
1.202386759340474454e+00
1.201280733229714626e+00
1.200183439532682916e+00
1.199094789616332202e+00
1.198014695932379858e+00
1.196943072001936281e+00
1.195879832400382758e+00
1.194824892742492706e+00
1.193778169667783384e+00
1.192739580826100987e+00
1.191709044863442424e+00
1.190686481407984942e+00
1.189671811056354001e+00
1.188664955360089870e+00
1.187665836812346276e+00
1.186674378834779775e+00
1.185690505764656510e+00
1.184714142842151929e+00
1.183745216197860772e+00
1.182783652840490696e+00
1.181829380644752181e+00
1.180882328339434739e+00
1.179942425495674518e+00
1.179009602515393551e+00
1.178083790619926186e+00
1.177164921838816714e+00
1.176252928998794633e+00
1.175347745712911784e+00
1.174449306369854451e+00
1.173557546123413120e+00
1.172672400882120325e+00
1.171793807299039702e+00
1.170921702761716476e+00
1.170056025382278486e+00
1.169196713987687986e+00
1.168343708110142654e+00
1.167496947977624489e+00
1.166656374504582816e+00
1.165821929282770508e+00
1.164993554572210099e+00
1.164171193292298012e+00
1.163354789013045121e+00
1.162544285946444989e+00
1.161739628937974445e+00
1.160940763458220282e+00
1.160147635594632742e+00
1.159360192043399795e+00
1.158578380101443539e+00
1.157802147658534508e+00
1.157031443189527220e+00
1.156266215746705406e+00
1.155506414952244265e+00
1.154751990990782851e+00
1.154002894602105700e+00
1.153259077073934158e+00
1.152520490234820505e+00
1.151787086447149999e+00
1.151058818600242839e+00
1.150335640103558710e+00
1.149617504880001029e+00
1.148904367359313561e+00
1.148196182471585614e+00
1.147492905640834726e+00
1.146794492778698826e+00
1.146100900278207213e+00
1.145412085007650127e+00
1.144728004304534474e+00
1.144048615969621929e+00
1.143373878261060739e+00
1.142703749888597464e+00
1.142038190007871989e+00
1.141377158214795351e+00
1.140720614540006395e+00
1.140068519443411699e+00
1.139420833808795885e+00
1.138777518938518973e+00
1.138138536548278124e+00
1.137503848761953318e+00
1.136873418106518541e+00
1.136247207507030010e+00
1.135625180281684798e+00
1.135007300136944286e+00
1.134393531162732893e+00
1.133783837827700314e+00
1.133178184974550140e+00
1.132576537815437989e+00
1.131978861927427138e+00
1.131385123248013880e+00
1.130795288070714832e+00
1.130209323040708203e+00
1.129627195150547214e+00
1.129048871735923720e+00
1.128474320471495096e+00
1.127903509366767310e+00
1.127336406762035503e+00
1.126772981324380085e+00
1.126213202043717665e+00
1.125657038228908835e+00
1.125104459503914800e+00
1.124555435804011516e+00
1.124009937372049794e+00
1.123467934754774911e+00
1.122929398799188849e+00
1.122394300648963839e+00
1.121862611740907179e+00
1.121334303801472476e+00
1.120809348843317954e+00
1.120287719161910500e+00
1.119769387332178345e+00
1.119254326205205707e+00
1.118742508904975619e+00
1.118233908825150946e+00
1.117728499625905147e+00
1.117226255230790777e+00
1.116727149823652843e+00
1.116231157845580579e+00
1.115738253991902518e+00
1.115248413209218414e+00
1.114761610692478477e+00
1.114277821882087682e+00
1.113797022461062491e+00
1.113319188352215328e+00
1.112844295715383680e+00
1.112372320944689408e+00
1.111903240665836679e+00
1.111437031733449210e+00
1.110973671228434378e+00
1.110513136455388628e+00
1.110055404940036183e+00
1.109600454426697302e+00
1.109148262875793378e+00
1.108698808461381580e+00
1.108252069568727682e+00
1.107808024791899104e+00
1.107366652931400797e+00
1.106927932991838226e+00
1.106491844179603445e+00
1.106058365900602469e+00
1.105627477758004185e+00
1.105199159550020127e+00
1.104773391267714233e+00
1.104350153092838793e+00
1.103929425395698383e+00
1.103511188733043324e+00
1.103095423845988021e+00
1.102682111657953934e+00
1.102271233272643647e+00
1.101862769972037803e+00
1.101456703214416688e+00
1.101053014632407123e+00
1.100651686031058674e+00
1.100252699385935840e+00
1.099856036841241336e+00
1.099461680707960465e+00
1.099069613462028361e+00
1.098679817742520992e+00
1.098292276349869923e+00
1.097906972244094170e+00
1.097523888543062931e+00
1.097143008520773400e+00
1.096764315605650575e+00
1.096387793378871489e+00
1.096013425572707201e+00
1.095641196068886991e+00
1.095271088896981215e+00
1.094903088232807908e+00
1.094537178396852939e+00
1.094173343852715696e+00
1.093811569205570544e+00
1.093451839200646480e+00
1.093094138721730335e+00
1.092738452789682624e+00
1.092384766560972942e+00
1.092033065326236896e+00
1.091683334508847247e+00
1.091335559663500598e+00
