4.317965159998270686e+00
4.310682195511686743e+00
4.289217563436029224e+00
4.254658097489913970e+00
4.208620180107690345e+00
4.153027976814628985e+00
4.089901735792064841e+00
4.021192412890866485e+00
3.948673333847904310e+00
3.873882952164362070e+00
3.798106093059102406e+00
3.722380702778038675e+00
3.647519444997128879e+00
3.574138402573356021e+00
3.502687748983875693e+00
3.433481277692944200e+00
3.366723119450249158e+00
3.302530934488096204e+00
3.240955457423343233e+00
3.181996605952514656e+00
3.125616527456427374e+00
3.071750014949835794e+00
3.020312720145843510e+00
2.971207556020908136e+00
2.924329632291553516e+00
2.879570015204774958e+00
2.836818553663540410e+00
2.795965969619946812e+00
2.756905372769961282e+00
2.719533327821971547e+00
2.683750576453204140e+00
2.649462494794026401e+00
2.616579350135609161e+00
2.585016406833123170e+00
2.554693920450096911e+00
2.525537050523352534e+00
2.497475715478294944e+00
2.470444407825578281e+00
2.444381983524386293e+00
2.419231436068707719e+00
2.394939663247536821e+00
2.371457232497581558e+00
2.348738149185904511e+00
2.326739630934397951e+00
2.305421890152596909e+00
2.284747926219004910e+00
2.264683328197858447e+00
2.245196088559430869e+00
2.226256428058777548e+00
2.207836631696716623e+00
2.189910895519567191e+00
2.172455183896096820e+00
2.155447096830331422e+00
2.138865746817969260e+00
2.122691644725316795e+00
2.106906594157683443e+00
2.091493593784115035e+00
2.076436747094926094e+00
2.061721179083738420e+00
2.047332959366056748e+00
2.033259031269311734e+00
2.019487146453883053e+00
2.006005804650353497e+00
1.992804198123695691e+00
1.979872160500690814e+00
1.967200119621549170e+00
1.954779054100467484e+00
1.942600453302786523e+00
1.930656280467854202e+00
1.918938938727243082e+00
1.907441239786843212e+00
1.896156375059674826e+00
1.885077889052507727e+00
1.874199654825214445e+00
1.863515851356047914e+00
1.853020942659452164e+00
1.842709658515293114e+00
1.832576976679840097e+00
1.822618106459270582e+00
1.812828473536275631e+00
1.803203705949131486e+00
1.793739621130852058e+00
1.784432213923593302e+00
1.775277645490457079e+00
1.766272233053035601e+00
1.757412440389075403e+00
1.748694869029962629e+00
1.740116250102496265e+00
1.731673436764236129e+00
1.723363397185509349e+00
1.715183208035306439e+00
1.707130048431466873e+00
1.699201194319080788e+00
1.691394013243633143e+00
1.683705959488452475e+00
1.676134569548155540e+00
1.668677457912391304e+00
1.661332313135968963e+00
1.654096894173576304e+00
1.646969026958888804e+00
1.639946601209691046e+00
1.633027567441784456e+00
1.626209934176182870e+00
1.619491765325032695e+00
1.612871177743053330e+00
1.606346338932186812e+00
1.599915464888213013e+00
1.593576818078952240e+00
1.587328705544434282e+00
1.581169477110244692e+00
1.575097523705901059e+00
1.569111275780701753e+00
1.563209201810205062e+00
1.557389806886860129e+00
1.551651631388960340e+00
1.545993249722403373e+00
1.540413269130279872e+00
1.534910328565611159e+00
1.529483097622961640e+00
1.524130275524918643e+00
1.518850590159815717e+00
1.513642797167256582e+00
1.508505679068326888e+00
1.503438044437572785e+00
1.498438727114057345e+00
1.493506585448983515e+00
1.488640501587598752e+00
1.483839380783222195e+00
1.479102150741401722e+00
1.474427760992366387e+00
1.469815182290076017e+00
1.465263406036243721e+00
1.460771443727894692e+00
1.456338326427065066e+00
1.451963104251385195e+00
1.447644845884342280e+00
1.443382638104131921e+00
1.439175585330070062e+00
1.435022809185612980e+00
1.430923448077082716e+00
1.426876656787272823e+00
1.422881606083167494e+00
1.418937482337026434e+00
1.415043487160193791e+00
1.411198837048967203e+00
1.407402763041952998e+00
1.403654510388356647e+00
1.399953338226671118e+00
1.396298519273311500e+00
1.392689339520701841e+00
1.389125097944423626e+00
1.385605106218995797e+00
1.382128688441939257e+00
1.378695180865739278e+00
1.375303931637397614e+00
1.371954300545256800e+00
1.368645658772794871e+00
1.365377388659105851e+00
1.362148883465839955e+00
1.358959547150281111e+00
1.355808794144433005e+00
1.352696049139773038e+00
1.349620746877575161e+00
1.346582331944515376e+00
1.343580258573434216e+00
1.340613990449027071e+00
1.337683000518336218e+00
1.334786770805847844e+00
1.331924792233067034e+00
1.329096564442411088e+00
1.326301595625273944e+00
1.323539402354156014e+00
1.320809509418699346e+00
1.318111449665541279e+00
1.315444763841828957e+00
1.312809000442339613e+00
1.310203715560045001e+00
1.307628472740057113e+00
1.305082842836837287e+00
1.302566403874592327e+00
1.300078740910750597e+00
1.297619445902441493e+00
1.295188117575906794e+00
1.292784361298737528e+00
1.290407788954887058e+00
1.288058018822367812e+00
1.285734675453577003e+00
1.283437389558166775e+00
1.281165797888408564e+00
1.278919543126972425e+00
1.276698273777081560e+00
1.274501644054947924e+00
1.272329313784479332e+00
1.270180948294154621e+00
1.268056218316053307e+00
1.265954799886949811e+00
1.263876374251463153e+00
1.261820627767178182e+00
1.259787251811708586e+00
1.257775942691657933e+00
1.255786401553420140e+00
1.253818334295793591e+00
1.251871451484353415e+00
1.249945468267547488e+00
1.248040104294478425e+00
1.246155083634329586e+00
1.244290134697393579e+00
1.242444990157680396e+00
1.240619386877058972e+00
1.238813065830896010e+00
1.237025772035168947e+00
1.235257254475015998e+00
1.233507266034678418e+00
1.231775563428838316e+00
1.230061907135274302e+00
1.228366061328853842e+00
1.226687793816796823e+00
1.225026875975202989e+00
1.223383082686806400e+00
1.221756192279940034e+00
1.220145986468675670e+00
1.218552250294114181e+00
1.216974772066811150e+00
1.215413343310301375e+00
1.213867758705707400e+00
1.212337816037411642e+00
1.210823316139754802e+00
1.209324062844755243e+00
1.207839862930827346e+00
1.206370526072459981e+00
1.204915864790855329e+00
1.203475694405502727e+00
1.202049832986659794e+00
1.200638101308733274e+00
1.199240322804530967e+00
1.197856323520376520e+00
1.196485932072063996e+00
1.195128979601633556e+00
1.193785299734953398e+00
1.192454728540094600e+00
1.191137104486477361e+00
1.189832268404779514e+00
1.188540063447582673e+00
1.187260335050746463e+00
1.185992930895503727e+00
1.184737700871242527e+00
1.183494497038982907e+00
1.182263173595518913e+00
1.181043586838220083e+00
1.179835595130479753e+00
1.178639058867789746e+00
1.177453840444434796e+00
1.176279804220801140e+00
1.175116816491266425e+00
1.173964745452685143e+00
1.172823461173437831e+00
1.171692835563040269e+00
1.170572742342308015e+00
1.169463057014049401e+00
1.168363656834290776e+00
1.167274420784022881e+00
1.166195229541449052e+00
1.165125965454729684e+00
1.164066512515214313e+00
1.163016756331158197e+00
1.161976584101896748e+00
1.160945884592488708e+00
1.159924548108806075e+00
1.158912466473058789e+00
1.157909532999768620e+00
1.156915642472151173e+00
1.155930691118926212e+00
1.154954576591529447e+00
1.153987197941728660e+00
1.153028455599630631e+00
1.152078251352075977e+00
1.151136488321410800e+00
1.150203070944626704e+00
1.149277904952869633e+00
1.148360897351300869e+00
1.147451956399311745e+00
1.146550991591077873e+00
1.145657913636452419e+00
1.144772634442190462e+00
1.143895067093498197e+00
1.143025125835893441e+00
1.142162726057390554e+00
1.141307784270979342e+00
1.140460218097409939e+00
1.139619946248274340e+00
1.138786888509372597e+00
1.137960965724366114e+00
1.137142099778709170e+00
1.136330213583851112e+00
1.135525231061709661e+00
1.134727077129407791e+00
1.133935677684264176e+00
1.133150959589045215e+00
1.132372850657457519e+00
1.131601279639889102e+00
1.130836176209391253e+00
1.130077470947893792e+00
1.129325095332649909e+00
1.128578981722909491e+00
1.127839063346817161e+00
1.127105274288523473e+00
1.126377549475517714e+00
1.125655824666161875e+00
1.124940036437438895e+00
1.124230122172905411e+00
1.123526020050832352e+00
1.122827669032555375e+00
1.122135008851005367e+00
1.121447979999438349e+00
1.120766523720338359e+00
1.120090581994515500e+00
1.119420097530371194e+00
1.118755013753345073e+00
1.118095274795531502e+00
1.117440825485468636e+00
1.116791611338088241e+00
1.116147578544832042e+00
1.115508673963927500e+00
1.114874845110820800e+00
1.114246040148766825e+00
1.113622207879564119e+00
1.113003297734445951e+00
1.112389259765116156e+00
1.111780044634923525e+00
1.111175603610188301e+00
1.110575888551654122e+00
1.109980851906087640e+00
1.109390446698004462e+00
1.108804626521532777e+00
1.108223345532398652e+00
1.107646558440048556e+00
1.107074220499886241e+00
1.106506287505638175e+00
1.105942715781839780e+00
1.105383462176436238e+00
1.104828484053502091e+00
1.104277739286078308e+00
1.103731186249111262e+00
1.103188783812514284e+00
1.102650491334332239e+00
1.102116268654009357e+00
1.101586076085768529e+00
1.101059874412088524e+00
1.100537624877284237e+00
1.100019289181186410e+00
1.099504829472917944e+00
1.098994208344770129e+00
1.098487388826166145e+00
1.097984334377724247e+00
1.097485008885409119e+00
1.096989376654772919e+00
1.096497402405284927e+00
1.096009051264747125e+00
1.095524288763795928e+00
1.095043080830490068e+00
1.094565393784972862e+00
1.094091194334223305e+00
1.093620449566886421e+00
1.093153126948175569e+00
1.092689194314857115e+00
1.092228619870310613e+00
1.091771372179661581e+00
1.091317420164985119e+00
1.090866733100588570e+00
1.090419280608357466e+00
1.089975032653175413e+00
1.089533959538411478e+00
1.089096031901472861e+00
1.088661220709428168e+00
1.088229497254689315e+00
1.087800833150764257e+00
1.087375200328067448e+00
1.086952571029795589e+00
1.086532917807861764e+00
1.086116213518891094e+00
1.085702431320274997e+00
1.085291544666282748e+00
1.084883527304230766e+00
1.084478353270708295e+00
1.084075996887855720e+00
1.083676432759701047e+00
1.083279635768547466e+00
1.082885581071413528e+00
1.082494244096524838e+00
1.082105600539857493e+00
1.081719626361730802e+00
1.081336297783450640e+00
1.080955591283997430e+00
1.080577483596767641e+00
1.080201951706357022e+00
1.079828972845391810e+00
1.079458524491406335e+00
1.079090584363763705e+00
1.078725130420622236e+00
1.078362140855942286e+00
1.078001594096538840e+00
1.077643468799175386e+00
1.077287743847695323e+00
1.076934398350200217e+00
1.076583411636262477e+00
1.076234763254180216e+00
1.075888432968271191e+00
1.075544400756202501e+00
1.075202646806359130e+00
1.074863151515250914e+00
1.074525895484952587e+00
1.074190859520582242e+00
1.073858024627813990e+00
1.073527372010425029e+00
1.073198883067877807e+00
1.072872539392934588e+00
1.072548322769306450e+00
1.072226215169333807e+00
1.071906198751698014e+00
1.071588255859168282e+00
1.071272369016374792e+00
1.070958520927616231e+00
1.070646694474695959e+00
1.070336872714788168e+00
1.070029038878330674e+00
1.069723176366953465e+00
1.069419268751425900e+00
1.069117299769640539e+00
1.068817253324619854e+00
1.068519113482549576e+00
1.068222864470841582e+00
1.067928490676220754e+00
1.067635976642840268e+00
1.067345307070417082e+00
1.067056466812399185e+00
1.066769440874152819e+00
1.066484214411175691e+00
1.066200772727333268e+00
1.065919101273121505e+00
1.065639185643949105e+00
1.065361011578444428e+00
1.065084564956784607e+00
1.064809831799047979e+00
1.064536798263587603e+00
1.064265450645424771e+00
1.063995775374667163e+00
1.063727759014945651e+00
1.063461388261870422e+00
1.063196649941512195e+00
1.062933531008897869e+00
1.062672018546529484e+00
1.062412099762921835e+00
1.062153761991159184e+00
1.061896992687469288e+00
1.061641779429818966e+00
1.061388109916526101e+00
1.061135971964889624e+00
1.060885353509837925e+00
1.060636242602594592e+00
1.060388627409361906e+00
1.060142496210020324e+00
1.059897837396845288e+00
1.059654639473241344e+00
1.059412891052490702e+00
1.059172580856520884e+00
1.058933697714683930e+00
1.058696230562556018e+00
1.058460168440748861e+00
1.058225500493735982e+00
1.057992215968699856e+00
1.057760304214384384e+00
1.057529754679970457e+00
1.057300556913960410e+00
1.057072700563079559e+00
1.056846175371189744e+00
1.056620971178218182e+00
1.056397077919098093e+00
1.056174485622725090e+00
1.055953184410924006e+00
1.055733164497430154e+00
1.055514416186883908e+00
1.055296929873836831e+00
1.055080696041769350e+00
1.054865705262123976e+00
1.054651948193346955e+00
1.054439415579944139e+00
1.054228098251547285e+00
1.054017987121991906e+00
1.053809073188409329e+00
1.053601347530325860e+00
1.053394801308774831e+00
1.053189425765421516e+00
1.052985212221694722e+00
1.052782152077933908e+00
1.052580236812541870e+00
1.052379457981152067e+00
1.052179807215803731e+00
1.051981276224126294e+00
1.051783856788537808e+00
1.051587540765447359e+00
