9.463295291824820765e+00
9.456748382931762009e+00
9.437258058746868628e+00
9.405262010837390108e+00
9.361452947605529928e+00
9.306729026477114530e+00
9.242135432484802848e+00
9.168804325871848349e+00
9.087899339738854110e+00
9.000568783472141732e+00
8.907909545129161444e+00
8.810941873199535479e+00
8.710593980504057754e+00
8.607694756815675419e+00
8.502972682379921210e+00
8.397059142662817166e+00
8.290494611721904050e+00
8.183736492657526895e+00
8.077167714213821625e+00
7.971105450482821375e+00
7.865809544993978442e+00
7.761490382696694112e+00
7.658316070665396325e+00
7.556418869751844625e+00
7.455900873491636105e+00
7.356838964688412474e+00
7.259289100074989953e+00
7.163289983705923625e+00
7.068866193496586625e+00
6.976030824907369698e+00
6.884787712778527080e+00
6.795133287866048200e+00
6.707058119448459976e+00
6.620548189961211527e+00
6.535585942277538862e+00
6.452151135186637632e+00
6.370221537924714461e+00
6.289773490351419305e+00
6.210782351540568236e+00
6.133222856171522963e+00
6.057069395136190693e+00
5.982296234193682061e+00
5.908877682268216525e+00
5.836788219067519989e+00
5.766002590057955679e+00
5.696495875438321477e+00
5.628243538575197213e+00
5.561221458369267623e+00
5.495405949189449579e+00
5.430773771317094045e+00
5.367302134265044877e+00
5.304968694858302136e+00
5.243751551570507985e+00
5.183629236287537800e+00
5.124580704406980658e+00
5.066585323969310828e+00
5.009622864344720483e+00
4.953673484862152421e+00
4.898717723658029044e+00
4.844736486936031206e+00
4.791711038762223041e+00
4.739622991468336544e+00
4.688454296696800583e+00
4.638187237092006754e+00
4.588804418621049486e+00
4.540288763492693391e+00
4.492623503633167203e+00
4.445792174671534092e+00
4.399778610384872835e+00
4.354566937551622274e+00
4.310141571163667251e+00
4.266487209948792270e+00
4.223588832158565509e+00
4.181431691579722276e+00
4.140001313731057841e+00
4.099283492211496238e+00
4.059264285169106756e+00
4.019930011863874775e+00
3.981267249301301714e+00
3.943262828916845653e+00
3.905903833294292138e+00
3.869177592904219143e+00
3.833071682850829998e+00
3.797573919618345339e+00
3.762672357809762502e+00
3.728355286872548913e+00
3.694611227807920173e+00
3.661428929861128889e+00
3.628797367191903600e+00
3.596705735524673653e+00
3.565143448779614754e+00
3.534100135685717792e+00
3.503565636377940606e+00
3.473529998981031763e+00
3.443983476182713943e+00
3.414916521799289395e+00
3.386319787336974141e+00
3.358184118552342223e+00
3.330500552015225768e+00
3.303260311677581385e+00
3.276454805451660679e+00
3.250075621800941672e+00
3.224114526346817833e+00
3.198563458494417144e+00
3.173414528080449326e+00
3.148660012045784828e+00
3.124292351135681489e+00
3.100304146629917046e+00
3.076688157105372134e+00
3.053437295233071502e+00
3.030544624611743565e+00
3.008003356639720849e+00
2.985806847426774269e+00
2.963948594747472409e+00
2.942422235037174261e+00
2.921221540432140440e+00
2.900340415854417042e+00
2.879772896142713368e+00
2.859513143229758469e+00
2.839555443366853282e+00
2.819894204396128146e+00
2.800523953070887195e+00
2.781439332424188393e+00
2.762635099186002030e+00
2.744106121248946373e+00
2.725847375182531174e+00
2.707853943795954343e+00
2.690121013749129375e+00
2.672643873211893784e+00
2.655417909570936263e+00
2.638438607184183660e+00
2.621701545182193893e+00
2.605202395316218222e+00
2.588936919852256047e+00
2.572900969510709679e+00
2.557090481451037789e+00
2.541501477300839973e+00
2.526130061228627710e+00
2.510972418059840727e+00
2.496024811435237023e+00
2.481283582011135191e+00
2.466745145700708353e+00
2.452405991955709297e+00
2.438262682087779076e+00
2.424311847628803029e+00
2.410550188729362553e+00
2.396974472594790573e+00
2.383581531957842614e+00
2.370368263587495417e+00
2.357331626832969373e+00
2.344468642202222064e+00
2.331776389974400843e+00
2.319252008845305468e+00
2.306892694605203076e+00
2.294695698848401300e+00
2.282658327713681157e+00
2.270777940655091864e+00
2.259051949242244284e+00
2.247477815989576300e+00
2.236053053213806319e+00
2.224775221919022883e+00
2.213641930708610595e+00
2.202650834723588247e+00
2.191799634606536706e+00
2.181086075490591192e+00
2.170507946012919742e+00
2.160063077352022631e+00
2.149749342288341580e+00
2.139564654287546830e+00
2.129506966606011353e+00
2.119574271417864253e+00
2.109764598963135285e+00
2.100076016716427851e+00
2.090506628575663939e+00
2.081054574070318353e+00
2.071718027588761224e+00
2.062495197624108378e+00
2.053384326038232288e+00
2.044383687343404254e+00
2.035491588001093533e+00
2.026706365737636517e+00
2.018026388876150712e+00
2.009450055684439906e+00
2.000975793738411390e+00
1.992602059300609518e+00
1.984327336713553658e+00
1.976150137807375806e+00
1.968069001321539613e+00
1.960082492340172955e+00
1.952189201740725633e+00
1.944387745655592914e+00
1.936676764946364093e+00
1.929054924690444262e+00
1.921520913679606313e+00
1.914073443930321305e+00
1.906711250205425312e+00
1.899433089546985087e+00
1.892237740819893599e+00
1.885124004266140796e+00
1.878090701069299762e+00
1.871136672929056832e+00
1.864260781645572296e+00
1.857461908713317733e+00
1.850738954924241231e+00
1.844090839979979801e+00
1.837516502112925609e+00
1.831014897715877110e+00
1.824585000980088800e+00
1.818225803541563046e+00
1.811936314135226933e+00
1.805715558256979936e+00
1.799562577833293098e+00
1.793476430898200302e+00
1.787456191277537076e+00
1.781500948280194896e+00
1.775609806396254875e+00
1.769781885001801891e+00
1.764016318070280587e+00
1.758312253890226273e+00
1.752668854789198871e+00
1.747085296863787773e+00
1.741560769715522428e+00
1.736094476192552527e+00
1.730685632136979901e+00
1.725333466137642713e+00
1.720037219288299113e+00
1.714796144951021617e+00
1.709609508524678301e+00
1.704476587218452632e+00
1.699396669830141260e+00
1.694369056529270612e+00
1.689393058644813372e+00
1.684467998457419124e+00
1.679593208996066345e+00
1.674768033839030279e+00
1.669991826919047906e+00
1.665263952332582953e+00
1.660583784153118803e+00
1.655950706248357829e+00
1.651364112101239234e+00
1.646823404634687016e+00
1.642327996040024551e+00
1.637877307608939237e+00
1.633470769568907022e+00
1.629107820922054639e+00
1.624787909287300769e+00
1.620510490745774579e+00
1.616275029689366427e+00
1.612080998672410281e+00
1.607927878266353749e+00
1.603815156917422602e+00
1.599742330807127688e+00
1.595708903715640670e+00
1.591714386887877364e+00
1.587758298902328002e+00
1.583840165542478751e+00
1.579959519670833146e+00
1.576115901105428874e+00
1.572308856498850549e+00
1.568537939219595501e+00
1.564802709235852518e+00
1.561102733001522580e+00
1.557437583344522203e+00
1.553806839357274150e+00
1.550210086289356193e+00
1.546646915442221104e+00
1.543116924066031181e+00
1.539619715258436994e+00
1.536154897865368962e+00
1.532722086383734972e+00
1.529320900866001365e+00
1.525950966826616018e+00
1.522611915150236861e+00
1.519303382001707003e+00
1.516025008737776236e+00
1.512776441820486095e+00
1.509557332732223589e+00
1.506367337892386749e+00
1.503206118575616035e+00
1.500073340831597601e+00
1.496968675406350702e+00
1.493891797665026555e+00
1.490842387516143175e+00
1.487820129337234176e+00
1.484824711901895578e+00
1.481855828308203282e+00
1.478913175908434408e+00
1.475996456240123988e+00
1.473105374958381564e+00
1.470239641769458316e+00
1.467398970365544564e+00
1.464583078360759849e+00
1.461791687228329861e+00
1.459024522238895116e+00
1.456281312399966721e+00
1.453561790396464826e+00
1.450865692532346651e+00
1.448192758673300995e+00
1.445542732190474577e+00
1.442915359905203587e+00
1.440310392034749754e+00
1.437727582139020965e+00
1.435166687068225144e+00
1.432627466911482017e+00
1.430109684946336168e+00
1.427613107589182251e+00
1.425137504346555728e+00
1.422682647767303132e+00
1.420248313395588546e+00
1.417834279724730306e+00
1.415440328151858385e+00
1.413066242933346928e+00
1.410711811141065253e+00
1.408376822619351376e+00
1.406061069942771136e+00
1.403764348374591853e+00
1.401486455825987631e+00
1.399227192815950982e+00
1.396986362431884787e+00
1.394763770290905036e+00
1.392559224501775716e+00
1.390372535627511841e+00
1.388203516648639724e+00
1.386051982927056336e+00
1.383917752170531923e+00
1.381800644397792599e+00
1.379700481904224008e+00
1.377617089228140745e+00
1.375550293117618450e+00
1.373499922497913639e+00
1.371465808439400469e+00
1.369447784126071488e+00
1.367445684824559304e+00
1.365459347853670735e+00
1.363488612554437207e+00
1.361533320260660762e+00
1.359593314269961439e+00
1.357668439815291617e+00
1.355758544036918645e+00
1.353863475954894202e+00
1.351983086441960191e+00
1.350117228196892505e+00
1.348265755718315528e+00
1.346428525278906552e+00
1.344605394900058259e+00
1.342796224326924026e+00
1.341000875003889536e+00
1.339219210050443865e+00
1.337451094237432025e+00
1.335696393963697437e+00
1.333954977233100969e+00
1.332226713631914139e+00
1.330511474306574016e+00
1.328809131941794730e+00
1.327119560739030257e+00
1.325442636395282037e+00
1.323778236082247872e+00
1.322126238425803679e+00
1.320486523485802977e+00
1.318858972736203672e+00
1.317243469045516369e+00
1.315639896657551544e+00
1.314048141172470707e+00
1.312468089528141757e+00
1.310899629981789438e+00
1.309342652091921355e+00
1.307797046700553079e+00
1.306262705915696598e+00
1.304739523094135878e+00
1.303227392824452657e+00
1.301726210910338466e+00
1.300235874354146670e+00
1.298756281340705421e+00
1.297287331221380846e+00
1.295828924498394485e+00
1.294380962809363655e+00
1.292943348912090729e+00
1.291515986669591776e+00
1.290098781035339037e+00
1.288691638038739429e+00
1.287294464770830427e+00
1.285907169370197778e+00
1.284529661009096824e+00
1.283161849879797423e+00
1.281803647181124273e+00
1.280454965105211951e+00
1.279115716824443361e+00
1.277785816478600012e+00
1.276465179162196373e+00
1.275153720912012512e+00
1.273851358694795932e+00
1.272558010395169248e+00
1.271273594803699059e+00
1.269998031605158673e+00
1.268731241366948481e+00
1.267473145527698630e+00
1.266223666386040225e+00
1.264982727089537740e+00
1.263750251623784848e+00
1.262526164801661244e+00
1.261310392252755097e+00
1.260102860412924075e+00
1.258903496514023779e+00
1.257712228573780511e+00
1.256528985385806596e+00
1.255353696509774908e+00
1.254186292261716629e+00
1.253026703704478440e+00
1.251874862638304053e+00
1.250730701591560523e+00
1.249594153811594666e+00
1.248465153255713833e+00
1.247343634582314342e+00
1.246229533142116930e+00
1.245122784969542096e+00
1.244023326774202243e+00
1.242931095932512164e+00
1.241846030479428986e+00
1.240768069100296245e+00
1.239697151122818974e+00
1.238633216509132939e+00
1.237576205848011091e+00
1.236526060347151734e+00
1.235482721825597929e+00
1.234446132706254362e+00
1.233416236008500810e+00
1.232392975340934838e+00
1.231376294894177548e+00
1.230366139433821449e+00
1.229362454293441820e+00
1.228365185367725765e+00
1.227374279105690746e+00
1.226389682503992162e+00
1.225411343100336392e+00
1.224439208966965786e+00
1.223473228704253346e+00
1.222513351434372675e+00
1.221559526795057860e+00
1.220611704933452168e+00
1.219669836500033355e+00
1.218733872642630223e+00
1.217803765000521565e+00
1.216879465698605056e+00
1.215960927341652509e+00
1.215048103008647074e+00
1.214140946247187047e+00
1.213239411067972062e+00
1.212343451939365435e+00
1.211453023782022909e+00
1.210568081963600662e+00
1.209688582293526826e+00
1.208814481017852493e+00
1.207945734814163785e+00
1.207082300786565199e+00
1.206224136460727570e+00
1.205371199779008640e+00
1.204523449095628251e+00
1.203680843171916370e+00
1.202843341171621061e+00
1.202010902656272417e+00
1.201183487580622211e+00
1.200361056288127948e+00
1.199543569506506646e+00
1.198730988343342352e+00
1.197923274281753159e+00
1.197120389176113076e+00
1.196322295247834511e+00
1.195528955081196720e+00
1.194740331619240870e+00
1.193956388159705506e+00
1.193177088351028647e+00
1.192402396188385394e+00
1.191632276009793046e+00
1.190866692492255741e+00
1.190105610647963275e+00
1.189348995820534993e+00
1.188596813681322084e+00
1.187849030225742064e+00
1.187105611769672553e+00
1.186366524945886347e+00
1.185631736700532013e+00
1.184901214289660887e+00
1.184174925275796930e+00
1.183452837524548773e+00
1.182734919201270385e+00
1.182021138767757051e+00
1.181311464978987091e+00
1.180605866879906429e+00
1.179904313802247362e+00
1.179206775361394621e+00
1.178513221453284521e+00
1.177823622251348734e+00
1.177137948203491824e+00
1.176456170029108961e+00
1.175778258716141389e+00
1.175104185518165867e+00
1.174433921951519633e+00
1.173767439792470890e+00
1.173104711074410611e+00
1.172445708085084970e+00
