1.259220133955900565e+02
1.854117390902633744e+01
8.509261059901323421e+00
6.217037610584756457e+00
5.333520945039375682e+00
4.880091508596022365e+00
4.597767098332390390e+00
4.395729138031445160e+00
4.236170627702041003e+00
4.101462308215043429e+00
3.982698361061168590e+00
3.875095636528168797e+00
3.775946737402042785e+00
3.683638149619698154e+00
3.597152440325898759e+00
3.515805504805516346e+00
3.439103860467673357e+00
3.366665628480215666e+00
3.298176256540586326e+00
3.233363562667828539e+00
3.171983653711030193e+00
3.113812996471742256e+00
3.058643964090878242e+00
3.006282327257764564e+00
2.956545813380264232e+00
2.909263233388364789e+00
2.864273894109107488e+00
2.821427140841111569e+00
2.780581947978834734e+00
2.741606517383066155e+00
2.704377867603679597e+00
2.668781409675877736e+00
2.634710511564184898e+00
2.602066056111192349e+00
2.570755998157845390e+00
2.540694926275792298e+00
2.511803633836581895e+00
2.484008703246225913e+00
2.457242106263805681e+00
2.431440822487259901e+00
2.406546477363164627e+00
2.382505000472229462e+00
2.359266304353183408e+00
2.336783983743821125e+00
2.315015034825265161e+00
2.293919593838881887e+00
2.273460694292084305e+00
2.253604041866585916e+00
2.234317806080518665e+00
2.215572427724864291e+00
2.197340441088456053e+00
2.179596309997046344e+00
2.162316276717213270e+00
2.145478222810250024e+00
2.129061541062104546e+00
2.113047017660575122e+00
2.097416723837994823e+00
2.082153916246088698e+00
2.067242945377167906e+00
2.052669171392995651e+00
2.038418886767935589e+00
2.024479245196362243e+00
2.010838196255784638e+00
1.997484425355882776e+00
1.984407298540484366e+00
1.971596811743667965e+00
1.959043544133055592e+00
1.946738615203149170e+00
1.934673645308903067e+00
1.922840719355298766e+00
1.911232353381882465e+00
1.899841463803273012e+00
1.888661339086084467e+00
1.877685613661337349e+00
1.866908243888064423e+00
1.856323485899361359e+00
1.845925875176152697e+00
1.835710207707047736e+00
1.825671522604397357e+00
1.815805086057725060e+00
1.806106376515517642e+00
1.796571070995551356e+00
1.787195032432282504e+00
1.777974297977533258e+00
1.768905068177528683e+00
1.759983696955921939e+00
1.751206682338271925e+00
1.742570657858640848e+00
1.734072384594175009e+00
1.725708743777672804e+00
1.717476729942613911e+00
1.709373444558548893e+00
1.701396090118511006e+00
1.693541964642959918e+00
1.685808456567956082e+00
1.678193039987602830e+00
1.670693270223535976e+00
1.663306779696179349e+00
1.656031274074715398e+00
1.648864528684443664e+00
1.641804385152111578e+00
1.634848748271044094e+00
1.627995583069725249e+00
1.621242912068473485e+00
1.614588812710290533e+00
1.608031414952925786e+00
1.601568899010296532e+00
1.595199493232349441e+00
1.588921472113229649e+00
1.582733154418507038e+00
1.576632901422887256e+00
1.570619115250456943e+00
1.564690237310266463e+00
1.558844746820430505e+00
1.553081159414622547e+00
1.547398025825157397e+00
1.541793930637428423e+00
1.536267491110780981e+00
1.530817356061318080e+00
1.525442204802438306e+00
1.520140746139282406e+00
1.514911717413472525e+00
1.509753883594870949e+00
1.504666036417284136e+00
1.499646993555286745e+00
1.494695597839513335e+00
1.489810716508030541e+00
1.484991240491500886e+00
1.480236083730050556e+00
1.475544182519909153e+00
1.470914494888027058e+00
1.466345999992969773e+00
1.461837697550569137e+00
1.457388607282862569e+00
1.452997768388996302e+00
1.448664239036827395e+00
1.444387095874067661e+00
1.440165433557892838e+00
1.435998364302006003e+00
1.431885017440210461e+00
1.427824539005612126e+00
1.423816091324655808e+00
1.419858852625190515e+00
1.415952016657900936e+00
1.412094792330395254e+00
1.408286403353344207e+00
1.404526087898097408e+00
1.400813098265194956e+00
1.397146700563314026e+00
1.393526174398116435e+00
1.389950812570587058e+00
1.386419920784412563e+00
1.382932817362030997e+00
1.379488832968941647e+00
1.376087310345954329e+00
1.372727604049039263e+00
1.369409080196454465e+00
1.366131116222864428e+00
1.362893100640190092e+00
1.359694432804870345e+00
1.356534522691380085e+00
1.353412790671661758e+00
1.350328667300354057e+00
1.347281593105519315e+00
1.344271018384737726e+00
1.341296403006325688e+00
1.338357216215544598e+00
1.335452936445593597e+00
1.332583051133247709e+00
1.329747056538984173e+00
1.326944457571424651e+00
1.324174767616001391e+00
1.321437508367658165e+00
1.318732209667513366e+00
1.316058409343312530e+00
1.313415653053590759e+00
1.310803494135425629e+00
1.308221493455660189e+00
1.305669219265502612e+00
1.303146247058416307e+00
1.300652159431186172e+00
1.298186545948080806e+00
1.295749003008034528e+00
1.293339133714740852e+00
1.290956547749606109e+00
1.288600861247458873e+00
1.286271696674967657e+00
1.283968682711672304e+00
1.281691454133577768e+00
1.279439651699229463e+00
1.277212922038224896e+00
1.275010917542067634e+00
1.272833296257349645e+00
1.270679721781156513e+00
1.268549863158681346e+00
1.266443394782953424e+00
1.264359996296668953e+00
1.262299352496043525e+00
1.260261153236649223e+00
1.258245093341191723e+00
1.256250872509170557e+00
1.254278195228391457e+00
1.252326770688273694e+00
1.250396312694920686e+00
1.248486539587908783e+00
1.246597174158755816e+00
1.244727943571023232e+00
1.242878579282030715e+00
1.241048816966132229e+00
1.239238396439520828e+00
1.237447061586531838e+00
1.235674560287413515e+00
1.233920644347513473e+00
1.232185069427885749e+00
1.230467594977239898e+00
1.228767984165249683e+00
1.227086003817155158e+00
1.225421424349649513e+00
1.223774019708013361e+00
1.222143567304479816e+00
1.220529847957793734e+00
1.218932645833937789e+00
1.217351748388015409e+00
1.215786946307244820e+00
1.214238033455058430e+00
1.212704806816278014e+00
1.211187066443333293e+00
1.209684615403516128e+00
1.208197259727247008e+00
1.206724808357316991e+00
1.205267073099101083e+00
1.203823868571722411e+00
1.202395012160132559e+00
1.200980323968107166e+00
1.199579626772121266e+00
1.198192745976099705e+00
1.196819509567019324e+00
1.195459748071340478e+00
1.194113294512256340e+00
1.192779984367744905e+00
1.191459655529400363e+00
1.190152148262037635e+00
1.188857305164042311e+00
1.187574971128457557e+00
1.186304993304799549e+00
1.185047221061569012e+00
1.183801505949463984e+00
1.182567701665264925e+00
1.181345664016389296e+00
1.180135250886096054e+00
1.178936322199325870e+00
1.177748739889167062e+00
1.176572367863941260e+00
1.175407071974878814e+00
1.174252719984391957e+00
1.173109181534921053e+00
1.171976328118343513e+00
1.170854033045947151e+00
1.169742171418931997e+00
1.168640620099455685e+00
1.167549257682198416e+00
1.166467964466439744e+00
1.165396622428634066e+00
1.164335115195477055e+00
1.163283328017464591e+00
1.162241147742908431e+00
1.161208462792429952e+00
1.160185163133902186e+00
1.159171140257829746e+00
1.158166287153182372e+00
1.157170498283641935e+00
1.156183669564278871e+00
1.155205698338634068e+00
1.154236483356209098e+00
1.153275924750349901e+00
1.152323924016523504e+00
1.151380383990969314e+00
1.150445208829727894e+00
1.149518303988038559e+00
1.148599576200090899e+00
1.147688933459134919e+00
1.146786284997931782e+00
1.145891541269546954e+00
1.145004613928476855e+00
1.144125415812101698e+00
1.143253860922454290e+00
1.142389864408312361e+00
1.141533342547589536e+00
1.140684212730034952e+00
1.139842393440227974e+00
1.139007804240863564e+00
1.138180365756324974e+00
1.137359999656536669e+00
1.136546628641089685e+00
1.135740176423639669e+00
1.134940567716572257e+00
1.134147728215920914e+00
1.133361584586549453e+00
1.132582064447577475e+00
1.131809096358053379e+00
1.131042609802873411e+00
1.130282535178932068e+00
1.129528803781505886e+00
1.128781347790865919e+00
1.128040100259116718e+00
1.127304995097249796e+00
1.126575967062420247e+00
1.125852951745425434e+00
1.125135885558399718e+00
1.124424705722713913e+00
1.123719350257064598e+00
1.123019757965774579e+00
1.122325868427274331e+00
1.121637621982783273e+00
1.120954959725166011e+00
1.120277823487983992e+00
1.119606155834716565e+00
1.118939900048163238e+00
1.118279000120017797e+00
1.117623400740614281e+00
1.116973047288837062e+00
1.116327885822195887e+00
1.115687863067062802e+00
1.115052926409066725e+00
1.114423023883644559e+00
1.113798104166741743e+00
1.113178116565664233e+00
1.112563011010081260e+00
1.111952738043164635e+00
1.111347248812880828e+00
1.110746495063410277e+00
1.110150429126714355e+00
1.109559003914230235e+00
1.108972172908702536e+00
1.108389890156138646e+00
1.107812110257902161e+00
1.107238788362918891e+00
1.106669880160015218e+00
1.106105341870376346e+00
1.105545130240118912e+00
1.104989202532984160e+00
1.104437516523148810e+00
1.103890030488137830e+00
1.103346703201862233e+00
1.102807493927757010e+00
1.102272362412025863e+00
1.101741268876996749e+00
1.101214174014575331e+00
1.100691038979803249e+00
1.100171825384515190e+00
1.099656495291092995e+00
1.099145011206320799e+00
1.098637336075327653e+00
1.098133433275629622e+00
1.097633266611261371e+00
1.097136800306998117e+00
1.096643999002663294e+00
1.096154827747529037e+00
1.095669251994795701e+00
1.095187237596163765e+00
1.094708750796476560e+00
1.094233758228455367e+00
1.093762226907511348e+00
1.093294124226631192e+00
1.092829417951345583e+00
1.092368076214772943e+00
1.091910067512735782e+00
1.091455360698949439e+00
1.091003924980288975e+00
1.090555729912120020e+00
1.090110745393703784e+00
1.089668941663670898e+00
1.089230289295557874e+00
1.088794759193418837e+00
1.088362322587491882e+00
1.087932951029939144e+00
1.087506616390643277e+00
1.087083290853072759e+00
1.086662946910199157e+00
1.086245557360484559e+00
1.085831095303920302e+00
1.085419534138128306e+00
1.085010847554518598e+00
1.084605009534501896e+00
1.084201994345758813e+00
1.083801776538563244e+00
1.083404330942159266e+00
1.083009632661191324e+00
1.082617657072185713e+00
1.082228379820081576e+00
1.081841776814815637e+00
1.081457824227954223e+00
1.081076498489372151e+00
1.080697776283983780e+00
1.080321634548517595e+00
1.079948050468337417e+00
1.079577001474311571e+00
1.079208465239723802e+00
1.078842419677231490e+00
1.078478842935862936e+00
1.078117713398062616e+00
1.077759009676775959e+00
1.077402710612572312e+00
1.077048795270815873e+00
1.076697242938869481e+00
1.076348033123342374e+00
1.076001145547376581e+00
1.075656560147967733e+00
1.075314257073328061e+00
1.074974216680285144e+00
1.074636419531713516e+00
1.074300846394009135e+00
1.073967478234592265e+00
1.073636296219449004e+00
1.073307281710706773e+00
1.072980416264241788e+00
1.072655681627322055e+00
1.072333059736281458e+00
1.072012532714224697e+00
1.071694082868768438e+00
1.071377692689808869e+00
1.071063344847321908e+00
1.070751022189194712e+00
1.070440707739085173e+00
1.070132384694310934e+00
1.069826036423769278e+00
1.069521646465882103e+00
1.069219198526571546e+00
1.068918676477263574e+00
1.068620064352915122e+00
1.068323346350071645e+00
1.068028506824949542e+00
1.067735530291545887e+00
1.067444401419769484e+00
1.067155105033603668e+00
1.066867626109287537e+00
1.066581949773525828e+00
1.066298061301720113e+00
1.066015946116226409e+00
1.065735589784634563e+00
1.065456978018068490e+00
1.065180096669513965e+00
1.064904931732164162e+00
1.064631469337790293e+00
1.064359695755130675e+00
1.064089597388305330e+00
1.063821160775248575e+00
1.063554372586160479e+00
1.063289219621985859e+00
1.063025688812904157e+00
1.062763767216846400e+00
1.062503442018028377e+00
1.062244700525504015e+00
1.061987530171734972e+00
1.061731918511184203e+00
1.061477853218923517e+00
1.061225322089260237e+00
1.060974313034382055e+00
1.060724814083020773e+00
1.060476813379130689e+00
1.060230299180586533e+00
1.059985259857896045e+00
1.059741683892931441e+00
1.059499559877675301e+00
1.059258876512984004e+00
1.059019622607365596e+00
1.058781787075774972e+00
1.058545358938423053e+00
1.058310327319601729e+00
1.058076681446524558e+00
1.057844410648180578e+00
1.057613504354204315e+00
1.057383952093758683e+00
1.057155743494434308e+00
1.056928868281159506e+00
1.056703316275126925e+00
1.056479077392732391e+00
1.056256141644527746e+00
1.056034499134185900e+00
1.055814140057479422e+00
1.055595054701272906e+00
1.055377233442526874e+00
1.055160666747312570e+00
1.054945345169844284e+00
1.054731259351516348e+00
1.054518400019959889e+00
1.054306757988104026e+00
1.054096324153254161e+00
1.053887089496180041e+00
1.053679045080212928e+00
1.053472182050357420e+00
1.053266491632412594e+00
1.053061965132101596e+00
1.052858593934218323e+00
1.052656369501776323e+00
1.052455283375175688e+00
1.052255327171375265e+00
1.052056492583076208e+00
1.051858771377917279e+00
1.051662155397677045e+00
1.051466636557488288e+00
1.051272206845059953e+00
1.051078858319910880e+00
1.050886583112610628e+00
1.050695373424029855e+00
1.050505221524600463e+00
1.050316119753586186e+00
1.050128060518357387e+00
1.049941036293678964e+00
1.049755039621005137e+00
1.049570063107782447e+00
1.049386099426762087e+00
1.049203141315318666e+00
1.049021181574779416e+00
1.048840213069759164e+00
1.048660228727505084e+00
1.048481221537248764e+00
1.048303184549563838e+00
1.048126110875734263e+00
1.047949993687130377e+00
1.047774826214587174e+00
1.047600601747796567e+00
1.047427313634702317e+00
1.047254955280903399e+00
1.047083520149065805e+00
1.046913001758339234e+00
1.046743393683779555e+00
1.046574689555782589e+00
1.046406883059521453e+00
1.046239967934387227e+00
1.046073937973444057e+00
1.045908787022883146e+00
1.045744508981488075e+00
1.045581097800102999e+00
1.045418547481107963e+00
1.045256852077902199e+00
1.045096005694391206e+00
1.044936002484479376e+00
1.044776836651571061e+00
1.044618502448073638e+00
1.044460994174911672e+00
1.044304306181039976e+00
1.044148432862967546e+00
1.043993368664284604e+00
1.043839108075195199e+00
1.043685645632055348e+00
1.043532975916917849e+00
1.043381093557078421e+00
1.043229993224632057e+00
1.043079669636029383e+00
1.042930117551642555e+00
1.042781331775332720e+00
1.042633307154024136e+00
1.042486038577281615e+00
1.042339520976895306e+00
1.042193749326467467e+00
1.042048718641004124e+00
1.041904423976514060e+00
1.041760860429608471e+00
1.041618023137107718e+00
1.041475907275651647e+00
1.041334508061314557e+00
1.041193820749223065e+00
1.041053840633180849e+00
1.040914563045294283e+00
1.040775983355606060e+00
1.040638096971727933e+00
1.040500899338483665e+00
1.040364385937549541e+00
1.040228552287103758e+00
1.040093393941477595e+00
1.039958906490809465e+00
1.039825085560704743e+00
1.039691926811899148e+00
1.039559425939923454e+00
1.039427578674775310e+00
1.039296380780591056e+00
1.039165828055324869e+00
1.039035916330428133e+00
1.038906641470533243e+00
1.038777999373142968e+00
1.038649985968319811e+00
1.038522597218381138e+00
1.038395829117595870e+00
1.038269677691886939e+00
1.038144138998533750e+00
1.038019209125880860e+00
1.037894884193046652e+00
1.037771160349638677e+00
1.037648033775469658e+00
1.037525500680276380e+00
1.037403557303443469e+00
1.037282199913727609e+00
1.037161424808987320e+00
1.037041228315913832e+00
1.036921606789765082e+00
1.036802556614103032e+00
1.036684074200533878e+00
1.036566155988450033e+00
1.036448798444775221e+00
1.036331998063713566e+00
1.036215751366499349e+00
1.036100054901150314e+00
1.035984905242224086e+00
1.035870298990576144e+00
1.035756232773120900e+00
1.035642703242595442e+00
1.035529707077324391e+00
1.035417240980990305e+00
1.035305301682402312e+00
1.035193885935270508e+00
1.035082990517981250e+00
1.034972612233374889e+00
1.034862747908526392e+00
1.034753394394526849e+00
1.034644548566268973e+00
1.034536207322233947e+00
1.034428367584280029e+00
1.034321026297434942e+00
1.034214180429687158e+00
1.034107826971784050e+00
1.034001962937027841e+00
1.033896585361075315e+00
1.033791691301740867e+00
1.033687277838798879e+00
1.033583342073790545e+00
1.033479881129830913e+00
1.033376892151419035e+00
1.033274372304248789e+00
1.033172318775024578e+00
1.033070728771273927e+00
1.032969599521167181e+00
1.032868928273335429e+00
1.032768712296691538e+00
1.032668948880253623e+00
1.032569635332969193e+00
1.032470768983541287e+00
1.032372347180257277e+00
1.032274367290817230e+00
1.032176826702168260e+00
1.032079722820333778e+00
1.031983053070252065e+00
1.031886814895610627e+00
1.031791005758684987e+00
1.031695623140178375e+00
1.031600664539062961e+00
1.031506127472423318e+00
1.031412009475300318e+00
1.031318308100537262e+00
1.031225020918627333e+00
1.031132145517563270e+00
1.031039679502687267e+00
1.030947620496543093e+00
1.030855966138729540e+00
1.030764714085755651e+00
1.030673862010896391e+00
1.030583407604051649e+00
1.030493348571603685e+00
1.030403682636278795e+00
1.030314407537008536e+00
1.030225521028794056e+00
1.030137020882568866e+00
1.030048904885066730e+00
1.029961170838686213e+00
1.029873816561362343e+00
1.029786839886433603e+00
1.029700238662514256e+00
1.029614010753366449e+00
1.029528154037773202e+00
1.029442666409413842e+00
1.029357545776739435e+00
1.029272790062849330e+00
1.029188397205370364e+00
1.029104365156336298e+00
1.029020691882067240e+00
1.028937375363052631e+00
1.028854413593833561e+00
1.028771804582886418e+00
1.028689546352509199e+00
1.028607636938706049e+00
1.028526074391075351e+00
1.028444856772698035e+00
1.028363982160027446e+00
1.028283448642778319e+00
1.028203254323819982e+00
1.028123397319067323e+00
1.028043875757375769e+00
1.027964687780433817e+00
1.027885831542661332e+00
1.027807305211103195e+00
1.027729106965328265e+00
1.027651234997327911e+00
1.027573687511414313e+00
1.027496462724122095e+00
1.027419558864108629e+00
1.027342974172056334e+00
1.027266706900576088e+00
1.027190755314110859e+00
1.027115117688840673e+00
1.027039792312588684e+00
1.026964777484727254e+00
1.026890071516085801e+00
1.026815672728858875e+00
1.026741579456515563e+00
1.026667790043709561e+00
1.026594302846189688e+00
1.026521116230712405e+00
1.026448228574952770e+00
1.026375638267419399e+00
1.026303343707367421e+00
1.026231343304713883e+00
1.026159635479953147e+00
1.026088218664073848e+00
1.026017091298474737e+00
1.025946251834884304e+00
1.025875698735278618e+00
1.025805430471800506e+00
1.025735445526680278e+00
1.025665742392156687e+00
1.025596319570396986e+00
1.025527175573421657e+00
1.025458308923026030e+00
1.025389718150703677e+00
1.025321401797572030e+00
1.025253358414295768e+00
1.025185586561014217e+00
1.025118084807267183e+00
1.025050851731921453e+00
1.024983885923099081e+00
1.024917185978105660e+00
1.024850750503359720e+00
1.024784578114321665e+00
1.024718667435424280e+00
1.024653017100004115e+00
1.024587625750232434e+00
1.024522492037047261e+00
1.024457614620086554e+00
1.024392992167621808e+00
1.024328623356490775e+00
1.024264506872032854e+00
1.024200641408024470e+00
1.024137025666613798e+00
1.024073658358257255e+00
1.024010538201657106e+00
1.023947663923697737e+00
1.023885034259383486e+00
1.023822647951778464e+00
1.023760503751944162e+00
1.023698600418879279e+00
1.023636936719459545e+00
1.023575511428379325e+00
1.023514323328091224e+00
1.023453371208749019e+00
1.023392653868148816e+00
1.023332170111672212e+00
1.023271918752228560e+00
1.023211898610199455e+00
1.023152108513382785e+00
1.023092547296936772e+00
1.023033213803325348e+00
1.022974106882262868e+00
1.022915225390662375e+00
1.022856568192578752e+00
1.022798134159158323e+00
1.022739922168585336e+00
1.022681931106029118e+00
1.022624159863593230e+00
1.022566607340264166e+00
1.022509272441859407e+00
1.022452154080979003e+00
1.022395251176952957e+00
1.022338562655794370e+00
1.022282087450148147e+00
1.022225824499243707e+00
1.022169772748845684e+00
1.022113931151207078e+00
1.022058298665020404e+00
1.022002874255371951e+00
1.021947656893694267e+00
1.021892645557719970e+00
1.021837839231436007e+00
1.021783236905038361e+00
1.021728837574886528e+00
1.021674640243458443e+00
1.021620643919307181e+00
1.021566847617015883e+00
1.021513250357154678e+00
1.021459851166237165e+00
1.021406649076677553e+00
1.021353643126748700e+00
1.021300832360538591e+00
1.021248215827909478e+00
1.021195792584456807e+00
1.021143561691466140e+00
1.021091522215875180e+00
1.021039673230230260e+00
1.020988013812649031e+00
1.020936543046778500e+00
1.020885260021756169e+00
1.020834163832171848e+00
1.020783253578027239e+00
1.020732528364699299e+00
1.020681987302899829e+00
1.020631629508639504e+00
1.020581454103189456e+00
1.020531460213043973e+00
1.020481646969883638e+00
1.020432013510539138e+00
1.020382558976954179e+00
1.020333282516149964e+00
1.020284183280188994e+00
1.020235260426139989e+00
1.020186513116042804e+00
1.020137940516872899e+00
1.020089541800507371e+00
1.020041316143690091e+00
1.019993262727998617e+00
1.019945380739809115e+00
1.019897669370263715e+00
1.019850127815236984e+00
1.019802755275303285e+00
1.019755550955703471e+00
1.019708514066313132e+00
1.019661643821609731e+00
1.019614939440641521e+00
1.019568400146995346e+00
1.019522025168764889e+00
1.019475813738520475e+00
1.019429765093277096e+00
1.019383878474464877e+00
1.019338153127897773e+00
1.019292588303743807e+00
1.019247183256494882e+00
1.019201937244937461e+00
1.019156849532122822e+00
1.019111919385337961e+00
1.019067146076076291e+00
1.019022528880009881e+00
1.018978067076959260e+00
1.018933759950866991e+00
1.018889606789767699e+00
1.018845606885761867e+00
1.018801759534986973e+00
1.018758064037591282e+00
1.018714519697705212e+00
1.018671125823415347e+00
1.018627881726737572e+00
1.018584786723589986e+00
1.018541840133766918e+00
1.018499041280912731e+00
1.018456389492495839e+00
1.018413884099783173e+00
1.018371524437814202e+00
1.018329309845375397e+00
1.018287239664976251e+00
1.018245313242823080e+00
1.018203529928794593e+00
1.018161889076417914e+00
1.018120390042843271e+00
1.018079032188820676e+00
1.018037814878675063e+00
1.017996737480283187e+00
1.017955799365049430e+00
1.017914999907883145e+00
1.017874338487174679e+00
1.017833814484771837e+00
1.017793427285958119e+00
1.017753176279429850e+00
1.017713060857272422e+00
1.017673080414938980e+00
1.017633234351228211e+00
1.017593522068261258e+00
1.017553942971461289e+00
1.017514496469530627e+00
1.017475181974430098e+00
1.017435998901356164e+00
1.017396946668721824e+00
1.017358024698133967e+00
1.017319232414372498e+00
1.017280569245370581e+00
1.017242034622193536e+00
1.017203627979017977e+00
1.017165348753111820e+00
1.017127196384814525e+00
1.017089170317517111e+00
1.017051269997641283e+00
1.017013494874621449e+00
1.016975844400883400e+00
1.016938318031826549e+00
1.016900915225803725e+00
1.016863635444101632e+00
1.016826478150923752e+00
1.016789442813369693e+00
1.016752528901416985e+00
1.016715735887903538e+00
1.016679063248507875e+00
1.016642510461731597e+00
1.016606077008881615e+00
1.016569762374050834e+00
1.016533566044101944e+00
1.016497487508648989e+00
1.016461526260039161e+00
1.016425681793336366e+00
1.016389953606303242e+00
1.016354341199384725e+00
1.016318844075689620e+00
1.016283461740975280e+00
1.016248193703629399e+00
1.016213039474654245e+00
1.016177998567649787e+00
1.016143070498796819e+00
1.016108254786841636e+00
1.016073550953078719e+00
1.016038958521335411e+00
1.016004477017955709e+00
1.015970105971784054e+00
1.015935844914150232e+00
1.015901693378853388e+00
1.015867650902146480e+00
1.015833717022720739e+00
1.015799891281691458e+00
1.015766173222580671e+00
1.015732562391304494e+00
1.015699058336156479e+00
1.015665660607793619e+00
1.015632368759220805e+00
1.015599182345777729e+00
1.015566100925122006e+00
1.015533124057217629e+00
1.015500251304317647e+00
1.015467482230952179e+00
1.015434816403913754e+00
1.015402253392242438e+00
1.015369792767212953e+00
1.015337434102320247e+00
1.015305176973266388e+00
1.015273020957946137e+00
1.015240965636434067e+00
1.015209010590971461e+00
1.015177155405951215e+00
1.015145399667906734e+00
1.015113742965498167e+00
1.015082184889498418e+00
1.015050725032781598e+00
1.015019362990308593e+00
1.014988098359115742e+00
1.014956930738301732e+00
1.014925859729014501e+00
1.014894884934439467e+00
1.014864005959786430e+00
1.014833222412277580e+00
1.014802533901135728e+00
1.014771940037571207e+00
1.014741440434770547e+00
1.014711034707884041e+00
1.014680722474014418e+00
1.014650503352204414e+00
1.014620376963425219e+00
1.014590342930565381e+00
1.014560400878418145e+00
1.014530550433671463e+00
1.014500791224894671e+00
1.014471122882529164e+00
1.014441545038875958e+00
1.014412057328084149e+00
1.014382659386141805e+00
1.014353350850862201e+00
1.014324131361875159e+00
1.014295000560615279e+00
1.014265958090311059e+00
1.014237003595974240e+00
1.014208136724389364e+00
1.014179357124103120e+00
1.014150664445414129e+00
1.014122058340361621e+00
1.014093538462716548e+00
1.014065104467970047e+00
1.014036756013323437e+00
1.014008492757678903e+00
1.013980314361628610e+00
1.013952220487444711e+00
1.013924210799070469e+00
1.013896284962108485e+00
1.013868442643813150e+00
1.013840683513078877e+00
1.013813007240432551e+00
1.013785413498021315e+00
1.013757901959605690e+00
1.013730472300548247e+00
1.013703124197805394e+00
1.013675857329917163e+00
1.013648671376998545e+00
1.013621566020729947e+00
1.013594540944348310e+00
1.013567595832637780e+00
1.013540730371920828e+00
1.013513944250049148e+00
1.013487237156395437e+00
1.013460608781843186e+00
1.013434058818779349e+00
1.013407586961084572e+00
1.013381192904125205e+00
1.013354876344744193e+00
1.013328636981253306e+00
1.013302474513423812e+00
1.013276388642478043e+00
1.013250379071082063e+00
1.013224445503335902e+00
1.013198587644766668e+00
1.013172805202319449e+00
1.013147097884349090e+00
1.013121465400613097e+00
1.013095907462262080e+00
1.013070423781833762e+00
1.013045014073242767e+00
1.013019678051774175e+00
1.012994415434075979e+00
1.012969225938149753e+00
1.012944109283344662e+00
1.012919065190348356e+00
1.012894093381180749e+00
1.012869193579184701e+00
1.012844365509020239e+00
1.012819608896656121e+00
1.012794923469362285e+00
1.012770308955703191e+00
1.012745765085530048e+00
1.012721291589973260e+00
1.012696888201435996e+00
1.012672554653585744e+00
1.012648290681348540e+00
1.012624096020901421e+00
1.012599970409664873e+00
1.012575913586295950e+00
1.012551925290682275e+00
1.012528005263934050e+00
1.012504153248377170e+00
1.012480368987547674e+00
1.012456652226183085e+00
1.012433002710217744e+00
1.012409420186773934e+00
1.012385904404157655e+00
1.012362455111849524e+00
1.012339072060500111e+00
1.012315755001922835e+00
1.012292503689086853e+00
1.012269317876111741e+00
1.012246197318259933e+00
1.012223141771932067e+00
1.012200150994658321e+00
1.012177224745093973e+00
1.012154362783012962e+00
1.012131564869300782e+00
1.012108830765949374e+00
1.012086160236050247e+00
1.012063553043788700e+00
1.012041008954438048e+00
1.012018527734353412e+00
1.011996109150965717e+00
1.011973752972775475e+00
1.011951458969347684e+00
1.011929226911305379e+00
1.011907056570323871e+00
1.011884947719125183e+00
1.011862900131472731e+00
1.011840913582164436e+00
1.011818987847028284e+00
1.011797122702915663e+00
1.011775317927697149e+00
1.011753573300255615e+00
1.011731888600480911e+00
1.011710263609265192e+00
1.011688698108497375e+00
1.011667191881056249e+00
1.011645744710807371e+00
1.011624356382595513e+00
1.011603026682240891e+00
1.011581755396533611e+00
1.011560542313227895e+00
1.011539387221037201e+00
1.011518289909629109e+00
1.011497250169619777e+00
1.011476267792569717e+00
1.011455342570977800e+00
1.011434474298276376e+00
1.011413662768826827e+00
1.011392907777914019e+00
1.011372209121741417e+00
1.011351566597426643e+00
1.011330980002995483e+00
1.011310449137378331e+00
1.011289973800404640e+00
1.011269553792798259e+00
1.011249188916172770e+00
1.011228878973026157e+00
1.011208623766737036e+00
1.011188423101559319e+00
1.011168276782617559e+00
1.011148184615903167e+00
1.011128146408268202e+00
1.011108161967422481e+00
1.011088231101928026e+00
1.011068353621194627e+00
1.011048529335476065e+00
1.011028758055864785e+00
1.011009039594287673e+00
1.010989373763502286e+00
1.010969760377091742e+00
1.010950199249460502e+00
1.010930690195830151e+00
1.010911233032235623e+00
1.010891827575519653e+00
1.010872473643329883e+00
1.010853171054113986e+00
1.010833919627115440e+00
1.010814719182369092e+00
1.010795569540698269e+00
1.010776470523709003e+00
1.010757421953787150e+00
1.010738423654093721e+00
1.010719475448560889e+00
1.010700577161888658e+00
1.010681728619539532e+00
1.010662929647735853e+00
1.010644180073455134e+00
1.010625479724426290e+00
1.010606828429126081e+00
1.010588226016774449e+00
1.010569672317331635e+00
1.010551167161493291e+00
1.010532710380687815e+00
1.010514301807071691e+00
1.010495941273525933e+00
1.010477628613652978e+00
1.010459363661772025e+00
1.010441146252915923e+00
1.010422976222826952e+00
1.010404853407953940e+00
1.010386777645448486e+00
1.010368748773160741e+00
1.010350766629636077e+00
1.010332831054112201e+00
1.010314941886514717e+00
1.010297098967454010e+00
1.010279302138221480e+00
1.010261551240786870e+00
1.010243846117793609e+00
1.010226186612556365e+00
1.010208572569057273e+00
1.010191003831942158e+00
1.010173480246517874e+00
1.010156001658748304e+00
1.010138567915251695e+00
1.010121178863296443e+00
1.010103834350798646e+00
1.010086534226318777e+00
1.010069278339057242e+00
1.010052066538852822e+00
1.010034898676178461e+00
1.010017774602138152e+00
1.010000694168463831e+00
1.009983657227512488e+00
1.009966663632262840e+00
1.009949713236311553e+00
1.009932805893871244e+00
1.009915941459766930e+00
1.009899119789432698e+00
1.009882340738908590e+00
1.009865604164838393e+00
1.009848909924465632e+00
1.009832257875631134e+00
1.009815647876769917e+00
1.009799079786908083e+00
1.009782553465660371e+00
1.009766068773225944e+00
1.009749625570387499e+00
1.009733223718506379e+00
1.009716863079521243e+00
1.009700543515943627e+00
1.009684264890856831e+00
1.009668027067911700e+00
1.009651829911324628e+00
1.009635673285874224e+00
1.009619557056899097e+00
1.009603481090294297e+00
1.009587445252509541e+00
1.009571449410545441e+00
1.009555493431951945e+00
1.009539577184824344e+00
1.009523700537801494e+00
1.009507863360062929e+00
1.009492065521326198e+00
1.009476306891844199e+00
1.009460587342402071e+00
1.009444906744315640e+00
1.009429264969427864e+00
1.009413661890106617e+00
1.009398097379242465e+00
1.009382571310245336e+00
1.009367083557042299e+00
1.009351633994075570e+00
1.009336222496299396e+00
1.009320848939177395e+00
1.009305513198681004e+00
1.009290215151285919e+00
1.009274954673970326e+00
1.009259731644212454e+00
1.009244545939987248e+00
1.009229397439765696e+00
1.009214286022510620e+00
1.009199211567675336e+00
1.009184173955201214e+00
1.009169173065514347e+00
1.009154208779525108e+00
1.009139280978623932e+00
1.009124389544679534e+00
1.009109534360037808e+00
1.009094715307517598e+00
1.009079932270409818e+00
1.009065185132474340e+00
1.009050473777938661e+00
1.009035798091494796e+00
1.009021157958297277e+00
1.009006553263961381e+00
1.008991983894560240e+00
1.008977449736623067e+00
1.008962950677133152e+00
1.008948486603524985e+00
1.008934057403682694e+00
1.008919662965938047e+00
1.008905303179067570e+00
1.008890977932291211e+00
1.008876687115269899e+00
1.008862430618103101e+00
1.008848208331327490e+00
1.008834020145914057e+00
1.008819865953266781e+00
1.008805745645220187e+00
1.008791659114036898e+00
1.008777606252406978e+00
1.008763586953444147e+00
1.008749601110684679e+00
1.008735648618086289e+00
1.008721729370024134e+00
1.008707843261290593e+00
1.008693990187091938e+00
1.008680170043047886e+00
1.008666382725188271e+00
1.008652628129952156e+00
1.008638906154184944e+00
1.008625216695137050e+00
1.008611559650462342e+00
1.008597934918215477e+00
1.008584342396850131e+00
1.008570781985217879e+00
1.008557253582565760e+00
1.008543757088534054e+00
1.008530292403155171e+00
1.008516859426851653e+00
1.008503458060433955e+00
1.008490088205099333e+00
1.008476749762428959e+00
1.008463442634387475e+00
1.008450166723320329e+00
1.008436921931951780e+00
1.008423708163384225e+00
1.008410525321095319e+00
1.008397373308937084e+00
1.008384252031133466e+00
1.008371161392279003e+00
1.008358101297337273e+00
1.008345071651638669e+00
1.008332072360879517e+00
1.008319103331118960e+00
1.008306164468779187e+00
1.008293255680642098e+00
1.008280376873848860e+00
1.008267527955897025e+00
1.008254708834640523e+00
1.008241919418285892e+00
1.008229159615392945e+00
1.008216429334871655e+00
1.008203728485980610e+00
1.008191056978326339e+00
1.008178414721860650e+00
1.008165801626879965e+00
1.008153217604023100e+00
1.008140662564269707e+00
1.008128136418939391e+00
1.008115639079689263e+00
1.008103170458513276e+00
1.008090730467739782e+00
1.008078319020031088e+00
1.008065936028380571e+00
1.008053581406112453e+00
1.008041255066879804e+00
1.008028956924662989e+00
1.008016686893767666e+00
1.008004444888825013e+00
1.007992230824787949e+00
1.007980044616931359e+00
1.007967886180850314e+00
1.007955755432458078e+00
1.007943652287985214e+00
1.007931576663977813e+00
1.007919528477296822e+00
1.007907507645114942e+00
1.007895514084917066e+00
1.007883547714498285e+00
1.007871608451961665e+00
1.007859696215718026e+00
1.007847810924483944e+00
1.007835952497280640e+00
1.007824120853432204e+00
1.007812315912564483e+00
1.007800537594604195e+00
1.007788785819776933e+00
1.007777060508605604e+00
1.007765361581910213e+00
1.007753688960805416e+00
1.007742042566700080e+00
1.007730422321295283e+00
1.007718828146583201e+00
1.007707259964846003e+00
1.007695717698654736e+00
1.007684201270867108e+00
1.007672710604627486e+00
1.007661245623364898e+00
1.007649806250791480e+00
1.007638392410902028e+00
1.007627004027972450e+00
1.007615641026557984e+00
1.007604303331492535e+00
1.007592990867887561e+00
1.007581703561130526e+00
1.007570441336883338e+00
1.007559204121082130e+00
1.007547991839935264e+00
1.007536804419921994e+00
1.007525641787792248e+00
1.007514503870564404e+00
1.007503390595524406e+00
1.007492301890225317e+00
1.007481237682484876e+00
1.007470197900385278e+00
1.007459182472272063e+00
1.007448191326752118e+00
1.007437224392693009e+00
1.007426281599222762e+00
1.007415362875726750e+00
1.007404468151848365e+00
1.007393597357487014e+00
1.007382750422797235e+00
1.007371927278187362e+00
1.007361127854319083e+00
1.007350352082105438e+00
1.007339599892710158e+00
1.007328871217546773e+00
1.007318165988277281e+00
1.007307484136810816e+00
1.007296825595303424e+00
1.007286190296156292e+00
1.007275578172014185e+00
1.007264989155766122e+00
1.007254423180542258e+00
1.007243880179714779e+00
1.007233360086895235e+00
1.007222862835934318e+00
1.007212388360920752e+00
1.007201936596180403e+00
1.007191507476274950e+00
1.007181100936000995e+00
1.007170716910388952e+00
1.007160355334702384e+00
1.007150016144436444e+00
1.007139699275317657e+00
1.007129404663301919e+00
1.007119132244574722e+00
1.007108881955548929e+00
1.007098653732865001e+00
1.007088447513388774e+00
1.007078263234211457e+00
1.007068100832648749e+00
1.007057960246238837e+00
1.007047841412742395e+00
1.007037744270141477e+00
1.007027668756638183e+00
1.007017614810654438e+00
1.007007582370829990e+00
1.006997571376022416e+00
1.006987581765306006e+00
1.006977613477970879e+00
1.006967666453521204e+00
1.006957740631675868e+00
1.006947835952366033e+00
1.006937952355735355e+00
1.006928089782138214e+00
1.006918248172139707e+00
1.006908427466514322e+00
1.006898627606244601e+00
1.006888848532520919e+00
1.006879090186740378e+00
1.006869352510506133e+00
1.006859635445626289e+00
1.006849938934113009e+00
1.006840262918181406e+00
1.006830607340249983e+00
1.006820972142937753e+00
1.006811357269065121e+00
1.006801762661652555e+00
1.006792188263918808e+00
1.006782634019281586e+00
1.006773099871355548e+00
1.006763585763952529e+00
1.006754091641079540e+00
1.006744617446938772e+00
1.006735163125926702e+00
1.006725728622632543e+00
1.006716313881839131e+00
1.006706918848519816e+00
1.006697543467839795e+00
1.006688187685153668e+00
1.006678851446006107e+00
1.006669534696130075e+00
1.006660237381445722e+00
1.006650959448061267e+00
1.006641700842270337e+00
1.006632461510552190e+00
1.006623241399571267e+00
1.006614040456175196e+00
1.006604858627395460e+00
1.006595695860445394e+00
1.006586552102720411e+00
1.006577427301796446e+00
1.006568321405430178e+00
1.006559234361557253e+00
1.006550166118292067e+00
1.006541116623927090e+00
1.006532085826932210e+00
1.006523073675953395e+00
1.006514080119812693e+00
1.006505105107506903e+00
1.006496148588207795e+00
1.006487210511260111e+00
1.006478290826181787e+00
1.006469389482663068e+00
1.006460506430565616e+00
1.006451641619921844e+00
1.006442795000934254e+00
1.006433966523975210e+00
1.006425156139585164e+00
1.006416363798472879e+00
1.006407589451514761e+00
1.006398833049753527e+00
1.006390094544397984e+00
1.006381373886822361e+00
1.006372671028565868e+00
1.006363985921330917e+00
1.006355318516983788e+00
1.006346668767553520e+00
1.006338036625231025e+00
1.006329422042368194e+00
1.006320824971478567e+00
1.006312245365234670e+00
1.006303683176469121e+00
1.006295138358173302e+00
1.006286610863496245e+00
1.006278100645744855e+00
1.006269607658383025e+00
1.006261131855030522e+00
1.006252673189462765e+00
1.006244231615610829e+00
1.006235807087558998e+00
1.006227399559546098e+00
1.006219008985963725e+00
1.006210635321356461e+00
1.006202278520420323e+00
1.006193938538002541e+00
1.006185615329101557e+00
1.006177308848865470e+00
1.006169019052592040e+00
1.006160745895727793e+00
1.006152489333867583e+00
1.006144249322754147e+00
1.006136025818277213e+00
1.006127818776472838e+00
1.006119628153523404e+00
1.006111453905756736e+00
1.006103295989644764e+00
1.006095154361804189e+00
1.006087028978995601e+00
1.006078919798121918e+00
1.006070826776229055e+00
1.006062749870505035e+00
1.006054689038279104e+00
1.006046644237020837e+00
1.006038615424340810e+00
1.006030602557989040e+00
1.006022605595854769e+00
1.006014624495965570e+00
1.006006659216487131e+00
1.005998709715723471e+00
1.005990775952114502e+00
1.005982857884237136e+00
1.005974955470804177e+00
1.005967068670663656e+00
1.005959197442798603e+00
1.005951341746326611e+00
1.005943501540498275e+00
1.005935676784698307e+00
1.005927867438443535e+00
1.005920073461383568e+00
1.005912294813299468e+00
1.005904531454103301e+00
1.005896783343837919e+00
1.005889050442676735e+00
1.005881332710922393e+00
1.005873630109006989e+00
1.005865942597490736e+00
1.005858270137062860e+00
1.005850612688539369e+00
1.005842970212864174e+00
1.005835342671107524e+00
1.005827730024465794e+00
1.005820132234260811e+00
1.005812549261940525e+00
1.005804981069076343e+00
1.005797427617365125e+00
1.005789888868626525e+00
1.005782364784804095e+00
1.005774855327963735e+00
1.005767360460294135e+00
1.005759880144105445e+00
1.005752414341829493e+00
1.005744963016018456e+00
1.005737526129345971e+00
1.005730103644604689e+00
1.005722695524707166e+00
1.005715301732685196e+00
1.005707922231688922e+00
1.005700556984986838e+00
1.005693205955964897e+00
1.005685869108126296e+00
1.005678546405091467e+00
1.005671237810596530e+00
1.005663943288494178e+00
1.005656662802752344e+00
1.005649396317453315e+00
1.005642143796795285e+00
1.005634905205089247e+00
1.005627680506760768e+00
1.005620469666348216e+00
1.005613272648503420e+00
1.005606089417989679e+00
1.005598919939683311e+00
1.005591764178571212e+00
1.005584622099752190e+00
1.005577493668435407e+00
1.005570378849940161e+00
1.005563277609696327e+00
1.005556189913242138e+00
1.005549115726225962e+00
1.005542055014404079e+00
1.005535007743641351e+00
1.005527973879910109e+00
1.005520953389290373e+00
1.005513946237969192e+00
1.005506952392239972e+00
1.005499971818502702e+00
1.005493004483262398e+00
1.005486050353130434e+00
1.005479109394822324e+00
1.005472181575158830e+00
1.005465266861064633e+00
1.005458365219568106e+00
1.005451476617801099e+00
1.005444601022998929e+00
1.005437738402498837e+00
1.005430888723740868e+00
1.005424051954266762e+00
1.005417228061719959e+00
1.005410417013844482e+00
1.005403618778485830e+00
1.005396833323589201e+00
1.005390060617200154e+00
1.005383300627463727e+00
1.005376553322624211e+00
1.005369818671025151e+00
1.005363096641107790e+00
1.005356387201412183e+00
1.005349690320576084e+00
1.005343005967334280e+00
1.005336334110519036e+00
1.005329674719058985e+00
1.005323027761979349e+00
1.005316393208401049e+00
1.005309771027540933e+00
1.005303161188710659e+00
1.005296563661317366e+00
1.005289978414862340e+00
