4.607604891256255719e+00
4.591752530695611512e+00
4.547777533250418003e+00
4.483719699153155602e+00
4.407457599416508387e+00
4.324500742202120662e+00
4.238128105460825523e+00
4.150222056112697899e+00
4.061937971127077773e+00
3.974077037710877391e+00
3.887257058445092284e+00
3.801980115087415069e+00
3.718656497189359644e+00
3.637613641946653598e+00
3.559101896248316965e+00
3.483300964391332855e+00
3.410327654813033682e+00
3.340244457517196341e+00
3.273068295683650764e+00
3.208778916489291699e+00
3.147326574053289860e+00
3.088638823580364345e+00
3.032626367683561419e+00
2.979187975618343032e+00
2.928214543018697213e+00
2.879592383368038355e+00
2.833205850784885627e+00
2.788939392597384881e+00
2.746679123669601097e+00
2.706314005211767793e+00
2.667736700566205599e+00
2.630844170247256031e+00
2.595538058920915603e+00
2.561724918336434342e+00
2.529316302586597676e+00
2.498228765480487112e+00
2.468383784205970155e+00
2.439707628747056933e+00
2.412131192600466711e+00
2.385589797100720055e+00
2.360022979013202793e+00
2.335374268898450456e+00
2.311590966007100789e+00
2.288623914063873777e+00
2.266427281178458486e+00
2.244958346232126978e+00
2.224177293386860654e+00
2.204047015814446731e+00
2.184532929315696759e+00
2.165602796171874012e+00
2.147226559320702499e+00
2.129376186762221401e+00
2.112025525962969219e+00
2.095150167928398588e+00
2.078727320546363444e+00
2.062735690760610474e+00
2.047155375108111741e+00
2.031967758142731562e+00
2.017155418267162936e+00
2.002702040502071679e+00
1.988592335734520100e+00
1.974811966004208497e+00
1.961347475406006957e+00
1.948186226208168836e+00
1.935316339807928721e+00
1.922726642168377964e+00
1.910406613402948484e+00
1.898346341195613851e+00
1.886536477765826447e+00
1.874968200107705485e+00
1.863633173252162711e+00
1.852523516318821839e+00
1.841631771141949425e+00
1.830950873270711377e+00
1.820474125159156076e+00
1.810195171375433176e+00
1.800107975672970984e+00
1.790206799778368163e+00
1.780486183762304719e+00
1.770940927869919967e+00
1.761566075697217126e+00
1.752356898608541158e+00
1.743308881298889057e+00
1.734417708412073100e+00
1.725679252133025976e+00
1.717089560678914495e+00
1.708644847619704255e+00
1.700341481964321000e+00
1.692175978953616378e+00
1.684144991506006495e+00
1.676245302265927606e+00
1.668473816209127270e+00
1.660827553762595166e+00
1.653303644400097916e+00
1.645899320677428168e+00
1.638611912674343696e+00
1.631438842812638068e+00
1.624377621022307316e+00
1.617425840229894440e+00
1.610581172145103546e+00
1.603841363323687430e+00
1.597204231486313741e+00
1.590667662074600086e+00
1.584229605027085430e+00
1.577888071759164790e+00
1.571641132332219470e+00
1.565486912798392583e+00
1.559423592708362616e+00
1.553449402770627152e+00
1.547562622651436071e+00
1.541761578905566310e+00
1.536044643028744439e+00
1.530410229623195839e+00
1.524856794668575599e+00
1.519382833890946749e+00
1.513986881223149172e+00
1.508667507350326620e+00
1.503423318334875969e+00
1.498252954315486773e+00
1.493155088275320619e+00
1.488128424874813671e+00
1.483171699344789651e+00
1.478283676436024319e+00
1.473463149421566643e+00
1.468708939148476000e+00
1.464019893135805495e+00
1.459394884715919272e+00
1.454832812216477755e+00
1.450332598180526622e+00
1.445893188622383363e+00
1.441513552317132296e+00
1.437192680121736732e+00
1.432929584325844719e+00
1.428723298030572408e+00
1.424572874553631241e+00
1.420477386859266389e+00
1.416435927011613138e+00
1.412447605650117177e+00
1.408511551485844837e+00
1.404626910817480256e+00
1.400792847065964297e+00
1.397008540326780235e+00
1.393273186938924102e+00
1.389585999069722355e+00
1.385946204314646435e+00
1.382353045311379702e+00
1.378805779367396012e+00
1.375303678100411986e+00
1.371846027091063069e+00
1.368432125547200284e+00
1.365061285979291439e+00
1.361732833886364347e+00
1.358446107452043528e+00
1.355200457250170354e+00
1.351995245959649594e+00
1.348829848088028749e+00
1.345703649703493543e+00
1.342616048174889887e+00
1.339566451919435464e+00
1.336554280157811192e+00
1.333578962676297719e+00
1.330639939595725352e+00
1.327736661146903252e+00
1.324868587452326940e+00
1.322035188313884779e+00
1.319235943006353828e+00
1.316470340076454359e+00
1.313737877147271416e+00
1.311038060727836907e+00
1.308370406027685950e+00
1.305734436776210483e+00
1.303129685046661601e+00
1.300555691084601229e+00
1.298012003140698090e+00
1.295498177307671472e+00
1.293013777361300409e+00
1.290558374605313530e+00
1.288131547720073877e+00
1.285732882614908368e+00
1.283361972283991514e+00
1.281018416665660187e+00
1.278701822505040164e+00
1.276411803219925201e+00
1.274147978769760492e+00
1.271909975527681924e+00
1.269697426155489195e+00
1.267509969481488641e+00
1.265347250381113620e+00
1.263208919660245844e+00
1.261094633941162169e+00
1.259004055551034451e+00
1.256936852412908090e+00
1.254892697939094637e+00
1.252871270926922076e+00
1.250872255456752402e+00
1.248895340792244957e+00
1.246940221282770045e+00
1.245006596267945076e+00
1.243094169984209962e+00
1.241202651473422458e+00
1.239331754493394389e+00
1.237481197430330138e+00
1.235650703213121426e+00
1.233839999229454421e+00
1.232048817243661665e+00
1.230276893316325726e+00
1.228523967725522414e+00
1.226789784889731783e+00
1.225074093292330746e+00
1.223376645407648677e+00
1.221697197628541121e+00
1.220035510195454975e+00
1.218391347126941859e+00
1.216764476151582564e+00
1.215154668641305058e+00
1.213561699546045647e+00
1.211985347329732399e+00
1.210425393907555991e+00
1.208881624584508874e+00
1.207353827995143014e+00
1.205841796044543335e+00
1.204345323850467997e+00
1.202864209686641317e+00
1.201398254927174891e+00
1.199947263992081847e+00
1.198511044293864236e+00
1.197089406185160465e+00
1.195682162907407919e+00
1.194289130540520105e+00
1.192910127953541011e+00
1.191544976756257146e+00
1.190193501251763930e+00
1.188855528389939353e+00
1.187530887721813810e+00
1.186219411354842768e+00
1.184920933909008767e+00
1.183635292473799172e+00
1.182362326565984612e+00
1.181101878088218315e+00
1.179853791288419051e+00
1.178617912719932548e+00
1.177394091202447424e+00
1.176182177783654303e+00
1.174982025701626132e+00
1.173793490347916135e+00
1.172616429231346125e+00
1.171450701942477801e+00
1.170296170118750201e+00
1.169152697410272390e+00
1.168020149446253875e+00
1.166898393802058953e+00
1.165787299966883905e+00
1.164686739312018604e+00
1.163596585059720523e+00
1.162516712252635864e+00
1.161446997723812879e+00
1.160387320067251649e+00
1.159337559608998980e+00
1.158297598378779769e+00
1.157267320082142170e+00
1.156246610073115466e+00
1.155235355327365987e+00
1.154233444415844412e+00
1.153240767478911355e+00
1.152257216200930579e+00
1.151282683785328498e+00
1.150317064930098887e+00
1.149360255803753450e+00
1.148412154021703158e+00
1.147472658623069242e+00
1.146541670047904748e+00
1.145619090114831540e+00
1.144704821999065647e+00
1.143798770210851412e+00
1.142900840574264221e+00
1.142010940206400260e+00
1.141128977496933761e+00
1.140254862088033505e+00
1.139388504854639939e+00
1.138529817885085116e+00
1.137678714462057927e+00
1.136835109043904390e+00
1.135998917246253459e+00
1.135170055823969015e+00
1.134348442653415834e+00
1.133533996715031522e+00
1.132726638076210435e+00
1.131926287874480686e+00
1.131132868300971150e+00
1.130346302584172458e+00
1.129566514973971092e+00
1.128793430725965496e+00
1.128026976086049071e+00
1.127267078275262735e+00
1.126513665474900394e+00
1.125766666811882200e+00
1.125026012344360504e+00
1.124291633047596051e+00
1.123563460800048208e+00
1.122841428369724559e+00
1.122125469400750752e+00
1.121415518400170619e+00
1.120711510724971660e+00
1.120013382569329252e+00
1.119321070952065789e+00
1.118634513704320543e+00
1.117953649457430698e+00
1.117278417631008880e+00
1.116608758421229419e+00
1.115944612789303791e+00
1.115285922450151235e+00
1.114632629861258328e+00
1.113984678211723311e+00
1.113342011411485366e+00
1.112704574080725539e+00
1.112072311539453739e+00
1.111445169797256938e+00
1.110823095543225447e+00
1.110206036136037966e+00
1.109593939594216927e+00
1.108986754586535950e+00
1.108384430422591382e+00
1.107786917043525499e+00
1.107194165012896692e+00
1.106606125507709981e+00
1.106022750309577418e+00
1.105443991796038805e+00
1.104869802932010758e+00
1.104300137261379655e+00
1.103734948898730694e+00
1.103174192521205743e+00
1.102617823360500182e+00
1.102065797194981434e+00
1.101518070341935607e+00
1.100974599649941155e+00
1.100435342491360435e+00
1.099900256754957839e+00
1.099369300838622721e+00
1.098842433642225336e+00
1.098319614560569590e+00
1.097800803476470355e+00
1.097285960753933143e+00
1.096775047231442368e+00
1.096268024215359738e+00
1.095764853473418565e+00
1.095265497228330220e+00
1.094769918151482946e+00
1.094278079356741928e+00
1.093789944394348179e+00
1.093305477244911561e+00
1.092824642313493744e+00
1.092347404423789081e+00
1.091873728812393640e+00
1.091403581123160160e+00
1.090936927401644274e+00
1.090473734089634661e+00
1.090013968019767576e+00
1.089557596410225093e+00
1.089104586859515278e+00
1.088654907341329192e+00
1.088208526199479609e+00
1.087765412142918331e+00
1.087325534240826119e+00
1.086888861917778337e+00
1.086455364948986979e+00
1.086025013455609978e+00
1.085597777900136895e+00
1.085173629081840341e+00
1.084752538132299327e+00
1.084334476510985912e+00
1.083919416000924674e+00
1.083507328704408579e+00
1.083098187038790572e+00
1.082691963732323570e+00
1.082288631820080838e+00
1.081888164639918326e+00
1.081490535828511845e+00
1.081095719317445747e+00
1.080703689329360229e+00
1.080314420374160145e+00
1.079927887245273332e+00
1.079544065015970222e+00
1.079162929035734964e+00
1.078784454926688285e+00
1.078408618580067424e+00
1.078035396152754455e+00
1.077664764063854808e+00
1.077296698991329960e+00
1.076931177868674094e+00
1.076568177881643384e+00
1.076207676465031016e+00
1.075849651299488841e+00
1.075494080308395661e+00
1.075140941654770588e+00
1.074790213738233025e+00
1.074441875192002627e+00
1.074095904879944108e+00
1.073752281893659344e+00
1.073410985549611008e+00
1.073071995386298161e+00
1.072735291161465820e+00
1.072400852849354935e+00
1.072068660637994331e+00
1.071738694926530178e+00
1.071410936322590102e+00
1.071085365639690812e+00
1.070761963894676816e+00
1.070440712305199549e+00
1.070121592287227807e+00
1.069804585452599044e+00
1.069489673606599300e+00
1.069176838745580005e+00
1.068866063054609405e+00
1.068557328905153980e+00
1.068250618852794709e+00
1.067945915634973097e+00
1.067643202168770067e+00
1.067342461548717925e+00
1.067043677044635430e+00
1.066746832099501940e+00
1.066451910327355534e+00
1.066158895511220228e+00
1.065867771601064495e+00
1.065578522711785547e+00
1.065291133121223366e+00
1.065005587268199827e+00
1.064721869750585803e+00
1.064439965323395132e+00
1.064159858896904787e+00
1.063881535534797917e+00
1.063604980452337756e+00
1.063330179014560173e+00
1.063057116734494212e+00
1.062785779271407938e+00
1.062516152429073601e+00
1.062248222154061006e+00
1.061981974534050188e+00
1.061717395796170749e+00
1.061454472305357388e+00
1.061193190562736088e+00
1.060933537204023169e+00
1.060675498997951216e+00
1.060419062844716542e+00
1.060164215774441532e+00
1.059910944945664735e+00
1.059659237643846286e+00
1.059409081279894416e+00
1.059160463388712392e+00
1.058913371627763444e+00
1.058667793775654786e+00
1.058423717730741398e+00
1.058181131509747130e+00
1.057940023246405126e+00
1.057700381190113559e+00
1.057462193704611808e+00
1.057225449266673278e+00
1.056990136464814212e+00
1.056756243998019373e+00
1.056523760674487722e+00
1.056292675410387405e+00
1.056062977228634514e+00
1.055834655257683830e+00
1.055607698730334443e+00
1.055382096982552920e+00
1.055157839452311119e+00
1.054934915678438001e+00
1.054713315299487864e+00
1.054493028052620129e+00
1.054274043772499114e+00
1.054056352390199791e+00
1.053839943932136203e+00
1.053624808518996092e+00
1.053410936364694628e+00
1.053198317775338566e+00
1.052986943148203958e+00
1.052776802970726733e+00
1.052567887819507719e+00
1.052360188359327431e+00
1.052153695342176398e+00
1.051948399606294604e+00
1.051744292075225351e+00
1.051541363756880898e+00
1.051339605742616978e+00
1.051139009206323749e+00
1.050939565403523179e+00
1.050741265670481761e+00
1.050544101423330545e+00
1.050348064157200723e+00
1.050153145445364533e+00
1.049959336938391274e+00
1.049766630363311526e+00
1.049575017522792919e+00
1.049384490294324790e+00
1.049195040629413489e+00
1.049006660552788572e+00
1.048819342161616985e+00
1.048633077624728127e+00
1.048447859181848685e+00
1.048263679142844795e+00
1.048080529886975976e+00
