3.540176084096257725e+00
3.488741885135743459e+00
3.358241895757450912e+00
3.194455409312427552e+00
3.030872596512823147e+00
2.882312839864205056e+00
2.752310745922049051e+00
2.639730194672190500e+00
2.542090883213968588e+00
2.456862949941624574e+00
2.381862928371409449e+00
2.315313827741759312e+00
2.255799047155075066e+00
2.202194044115912241e+00
2.153602944174120903e+00
2.109306769257365044e+00
2.068723175306738327e+00
2.031375749880099502e+00
1.996870749679577672e+00
1.964879472169390962e+00
1.935124847671508164e+00
1.907371184041866563e+00
1.881416269393213714e+00
1.857085244953265546e+00
1.834225813244045877e+00
1.812704459290488401e+00
1.792403445097245474e+00
1.773218398234328586e+00
1.755056359999643156e+00
1.737834191612597667e+00
1.721477261378540957e+00
1.705918354018677974e+00
1.691096757033008657e+00
1.676957489250750832e+00
1.663450644499053110e+00
1.650530829226948271e+00
1.638156677428869390e+00
1.626290429669359883e+00
1.614897565676217006e+00
1.603946482035384147e+00
1.593408208131676274e+00
1.583256154742144872e+00
1.573465890685235458e+00
1.564014943719726380e+00
1.554882622519470292e+00
1.546049857058300780e+00
1.537499055151249738e+00
1.529213973234085255e+00
1.521179599738925692e+00
1.513382049651701422e+00
1.505808469027171137e+00
1.498446948396160217e+00
1.491286444134013234e+00
1.484316706972913291e+00
1.477528216938146954e+00
1.470912124071518834e+00
1.464460194377307012e+00
1.458164760488358525e+00
1.452018676604325487e+00
1.446015277301464730e+00
1.440148339855122472e+00
1.434412049752759488e+00
1.428800969107724583e+00
1.423310007712828229e+00
1.417934396498194083e+00
1.412669663180694757e+00
1.407511609912565076e+00
1.402456292754887590e+00
1.397500002818025111e+00
1.392639248925616080e+00
1.387870741671904273e+00
1.383191378754021539e+00
1.378598231471518609e+00
1.374088532295032028e+00
1.369659663414753759e+00
1.365309146187175804e+00
1.361034631405762862e+00
1.356833890327704850e+00
1.352704806394674275e+00
1.348645367590982413e+00
1.344653659387265554e+00
1.340727858222302338e+00
1.336866225479559356e+00
1.333067101918730346e+00
1.329328902525831024e+00
1.325650111748529092e+00
1.322029279086062159e+00
1.318465015005720664e+00
1.314955987160114859e+00
1.311500916881627177e+00
1.308098575932309160e+00
1.304747783489327295e+00
1.301447403347618659e+00
1.298196341322937819e+00
1.294993542839826040e+00
1.291837990690253957e+00
1.288728702949879068e+00
1.285664731039838582e+00
1.282645157923031576e+00
1.279669096424652874e+00
1.276735687667603036e+00
1.273844099614116487e+00
1.270993525705627736e+00
1.268183183593531771e+00
1.265412313954074497e+00
1.262680179381109768e+00
1.259986063350992280e+00
1.257329269254268134e+00
1.254709119489285873e+00
1.252124954613188734e+00
1.249576132546135421e+00
1.247062027824872299e+00
1.244582030902122272e+00
1.242135547488497860e+00
1.239721997933885156e+00
1.237340816645533970e+00
1.234991451540211838e+00
1.232673363528078658e+00
1.230386026026017765e+00
1.228128924498415042e+00
1.225901556023458294e+00
1.223703428883219813e+00
1.221534062175913204e+00
1.219392985448783051e+00
1.217279738350269369e+00
1.215193870300150580e+00
1.213134940176464172e+00
1.211102516018101927e+00
1.209096174742057883e+00
1.207115501874383323e+00
1.205160091293946634e+00
1.203229544988205779e+00
1.201323472820217564e+00
1.199441492306188017e+00
1.197583228402905320e+00
1.195748313304444421e+00
1.193936386247595571e+00
1.192147093325470308e+00
1.190380087308810175e+00
1.188635027474547634e+00
1.186911579441182196e+00
1.185209415010599843e+00
1.183528212015948267e+00
1.181867654175245086e+00
1.180227430950394174e+00
1.178607237411312791e+00
1.177006774104894848e+00
1.175425746928558723e+00
1.173863867008126283e+00
1.172320850579824159e+00
1.170796418876187461e+00
1.169290298015670748e+00
1.167802218895786392e+00
1.166331917089598491e+00
1.164879132745407331e+00
1.163443610489478530e+00
1.162025099331673195e+00
1.160623352573850298e+00
1.159238127720911837e+00
1.157869186394373973e+00
1.156516294248365995e+00
1.155179220887937230e+00
1.153857739789585946e+00
1.152551628223920765e+00
1.151260667180354025e+00
1.149984641293765986e+00
1.148723338773049996e+00
1.147476551331467753e+00
1.146244074118750511e+00
1.145025705654881820e+00
1.143821247765496540e+00
1.142630505518838602e+00
1.141453287164232222e+00
1.140289404071997748e+00
1.139138670674779918e+00
1.138000904410230829e+00
1.136875925665005393e+00
1.135763557720034456e+00
1.134663626697018923e+00
1.133575961506124274e+00
1.132500393794829030e+00
1.131436757897894552e+00
1.130384890788421748e+00
1.129344632029962714e+00
1.128315823729662881e+00
1.127298310492391709e+00
1.126291939375851037e+00
1.125296559846616917e+00
1.124312023737101374e+00
1.123338185203405004e+00
1.122374900684039112e+00
1.121422028859487607e+00
1.120479430612596916e+00
1.119546968989767688e+00
1.118624509162922775e+00
1.117711918392244375e+00
1.116809065989651906e+00
1.115915823283000430e+00
1.115032063580994937e+00
1.114157662138788973e+00
1.113292496124259179e+00
1.112436444584937956e+00
1.111589388415591628e+00
1.110751210326421212e+00
1.109921794811882911e+00
1.109101028120103916e+00
1.108288798222885951e+00
1.107484994786284149e+00
1.106689509141741024e+00
1.105902234257773786e+00
1.105123064712193681e+00
1.104351896664852672e+00
1.103588627830901281e+00
1.102833157454547575e+00
1.102085386283309765e+00
1.101345216542748640e+00
1.100612551911666737e+00
1.099887297497776695e+00
1.099169359813811475e+00
1.098458646754082446e+00
1.097755067571465570e+00
1.097058532854816360e+00
1.096368954506793836e+00
1.095686245722095276e+00
1.095010320966085526e+00
1.094341095953821341e+00
1.093678487629450968e+00
1.093022414145993881e+00
1.092372794845485995e+00
1.091729550239481039e+00
1.091092601989909205e+00
1.090461872890278405e+00
1.089837286847213926e+00
1.089218768862331821e+00
1.088606245014434482e+00
1.087999642442028403e+00
1.087398889326152585e+00
1.086803914873514243e+00
1.086214649299923396e+00
1.085631023814025875e+00
1.085052970601321221e+00
1.084480422808465683e+00
1.083913314527854554e+00
1.083351580782474288e+00
1.082795157511023509e+00
1.082243981553297152e+00
1.081697990635823947e+00
1.081157123357762817e+00
1.080621319177037742e+00
1.080090518396724875e+00
1.079564662151669907e+00
1.079043692395343257e+00
1.078527551886924396e+00
1.078016184178608006e+00
1.077509533603134839e+00
1.077007545261534194e+00
1.076510165011084652e+00
1.076017339453476440e+00
1.075529015923185172e+00
1.075045142476039439e+00
1.074565667877990904e+00
1.074090541594074022e+00
1.073619713777557827e+00
1.073153135259281132e+00
1.072690757537172690e+00
1.072232532765948765e+00
1.071778413746989456e+00
1.071328353918382437e+00
1.070882307345142781e+00
1.070440228709593322e+00
1.070002073301912660e+00
1.069567797010838595e+00
1.069137356314535214e+00
1.068710708271608523e+00
1.068287810512276836e+00
1.067868621229689063e+00
1.067453099171389752e+00
1.067041203630925805e+00
1.066632894439597523e+00
1.066228131958342651e+00
1.065826877069762313e+00
1.065429091170275067e+00
1.065034736162403961e+00
1.064643774447192826e+00
1.064256168916748013e+00
1.063871882946901826e+00
1.063490880390002946e+00
1.063113125567820338e+00
1.062738583264567493e+00
1.062367218720043027e+00
1.061998997622882301e+00
1.061633886103920066e+00
1.061271850729662791e+00
1.060912858495870692e+00
1.060556876821238337e+00
1.060203873541188058e+00
1.059853816901755286e+00
1.059506675553581134e+00
1.059162418545998241e+00
1.058821015321215198e+00
1.058482435708594016e+00
1.058146649919022186e+00
1.057813628539375106e+00
1.057483342527066439e+00
1.057155763204689070e+00
1.056830862254741765e+00
1.056508611714439327e+00
1.056188983970608009e+00
1.055871951754663307e+00
1.055557488137664368e+00
1.055245566525452761e+00
1.054936160653866084e+00
1.054629244584028402e+00
1.054324792697715285e+00
1.054022779692794565e+00
1.053723180578735930e+00
1.053425970672196677e+00
1.053131125592673190e+00
1.052838621258222362e+00
1.052548433881252521e+00
1.052260539964377406e+00
1.051974916296338991e+00
1.051691539947992027e+00
1.051410388268351870e+00
1.051131438880705149e+00
1.050854669678781050e+00
1.050580058822981888e+00
1.050307584736673405e+00
1.050037226102531918e+00
1.049768961858949412e+00
1.049502771196492823e+00
1.049238633554419931e+00
1.048976528617249437e+00
1.048716436311381228e+00
1.048458336801773250e+00
1.048202210488664798e+00
1.047948038004354432e+00
1.047695800210024952e+00
1.047445478192618795e+00
1.047197053261758271e+00
1.046950506946716652e+00
1.046705820993434344e+00
1.046462977361578117e+00
1.046221958221649873e+00
1.045982745952134474e+00
1.045745323136693106e+00
1.045509672561401260e+00
1.045275777212024915e+00
1.045043620271339124e+00
1.044813185116488352e+00
1.044584455316385219e+00
1.044357414629148995e+00
1.044132046999581398e+00
1.043908336556684135e+00
1.043686267611207086e+00
1.043465824653238894e+00
1.043246992349831537e+00
1.043029755542659753e+00
1.042814099245715775e+00
1.042600008643038478e+00
1.042387469086476726e+00
1.042176466093484022e+00
1.041966985344948249e+00
1.041759012683052044e+00
1.041552534109164041e+00
1.041347535781763423e+00
1.041144004014392888e+00
1.040941925273642044e+00
1.040741286177162550e+00
1.040542073491707686e+00
1.040344274131207003e+00
1.040147875154861623e+00
1.039952863765274627e+00
1.039759227306603195e+00
1.039566953262739846e+00
1.039376029255520306e+00
1.039186443042957153e+00
1.038998182517496982e+00
1.038811235704306224e+00
1.038625590759578943e+00
1.038441235968870391e+00
1.038258159745453879e+00
1.038076350628700961e+00
1.037895797282486043e+00
1.037716488493612310e+00
1.037538413170261409e+00
1.037361560340464450e+00
1.037185919150594771e+00
1.037011478863882674e+00
1.036838228858950828e+00
1.036666158628371193e+00
1.036495257777240386e+00
1.036325516021777693e+00
1.036156923187941059e+00
1.035989469210063296e+00
1.035823144129508044e+00
1.035657938093343056e+00
1.035493841353033018e+00
1.035330844263151251e+00
1.035168937280108281e+00
1.035008110960899064e+00
1.034848355961866861e+00
1.034689663037484886e+00
1.034532023039155035e+00
1.034375426914022400e+00
1.034219865703807306e+00
1.034065330543652239e+00
1.033911812660987195e+00
1.033759303374405913e+00
1.033607794092563426e+00
1.033457276313084705e+00
1.033307741621489528e+00
1.033159181690131323e+00
1.033011588277153114e+00
1.032864953225454574e+00
1.032719268461673723e+00
1.032574525995185288e+00
1.032430717917108831e+00
1.032287836399333303e+00
1.032145873693552929e+00
1.032004822130317301e+00
1.031864674118093461e+00
1.031725422142341309e+00
1.031587058764602105e+00
1.031449576621596753e+00
1.031312968424338505e+00
1.031177226957257664e+00
1.031042345077336275e+00
1.030908315713255252e+00
1.030775131864553495e+00
1.030642786600798111e+00
1.030511273060764177e+00
1.030380584451626502e+00
1.030250714048163818e+00
1.030121655191969854e+00
1.029993401290677957e+00
1.029865945817193928e+00
1.029739282308940851e+00
1.029613404367112794e+00
1.029488305655937186e+00
1.029363979901949167e+00
1.029240420893275054e+00
1.029117622478922467e+00
1.028995578568083769e+00
1.028874283129445732e+00
1.028753730190509197e+00
1.028633913836917158e+00
1.028514828211792853e+00
1.028396467515084733e+00
1.028278826002920976e+00
1.028161897986971551e+00
1.028045677833820060e+00
1.027930159964341783e+00
1.027815338853090177e+00
1.027701209027693574e+00
1.027587765068255887e+00
1.027475001606767524e+00
1.027362913326523408e+00
1.027251494961547662e+00
1.027140741296026727e+00
1.027030647163748478e+00
1.026921207447550444e+00
1.026812417078771800e+00
1.026704271036716465e+00
1.026596764348118862e+00
1.026489892086619227e+00
1.026383649372245133e+00
1.026278031370898347e+00
1.026173033293849235e+00
1.026068650397237381e+00
1.025964877981577539e+00
1.025861711391273801e+00
1.025759146014137535e+00
1.025657177280912657e+00
1.025555800664806672e+00
1.025455011681027484e+00
1.025354805886325993e+00
1.025255178878544449e+00
1.025156126296169701e+00
1.025057643817892661e+00
1.024959727162174650e+00
1.024862372086814855e+00
1.024765574388528444e+00
1.024669329902525572e+00
1.024573634502097930e+00
1.024478484098210185e+00
1.024383874639094749e+00
1.024289802109854097e+00
1.024196262532065083e+00
1.024103251963390804e+00
1.024010766497196023e+00
1.023918802262165917e+00
1.023827355421931928e+00
1.023736422174700733e+00
1.023645998752887643e+00
1.023556081422755559e+00
1.023466666484056375e+00
1.023377750269678366e+00
1.023289329145297577e+00
1.023201399509032772e+00
