nan
2.011338059102512066e+00
1.865060659255714626e+00
1.817089338774743545e+00
1.792685660585081830e+00
1.777668908176595952e+00
1.767193958495514527e+00
1.759141669693288890e+00
1.752459349575954617e+00
1.746578694754932437e+00
1.741173404153723681e+00
1.736046977137540415e+00
1.731076624174670009e+00
1.726183456823136231e+00
1.721315813467296119e+00
1.716439515187501375e+00
1.711531950238936339e+00
1.706578360072636968e+00
1.701569436672555113e+00
1.696499725788896518e+00
1.691366539549783443e+00
1.686169199314451639e+00
1.680908497651640854e+00
1.675586308851862105e+00
1.670205302139663672e+00
1.664768727226409784e+00
1.659280251717838883e+00
1.653743836313998905e+00
1.648163637990342600e+00
1.642543934209094392e+00
1.636889063163770697e+00
1.631203376412789119e+00
1.625491201208679071e+00
1.619756810504519251e+00
1.614004399105712473e+00
1.608238064789292210e+00
1.602461793473793028e+00
1.596679447717157529e+00
1.590894757966796025e+00
1.585111316097477907e+00
1.579332570858910101e+00
1.573561824922039332e+00
1.567802233265994882e+00
1.562056802689758328e+00
1.556328392266743244e+00
1.550619714588056919e+00
1.544933337663064954e+00
1.539271687364794472e+00
1.533637050323423789e+00
1.528031577184720380e+00
1.522457286161462697e+00
1.516916066815694242e+00
1.511409684018111710e+00
1.505939782038078878e+00
1.500507888724071481e+00
1.495115419739938556e+00
1.489763682827096147e+00
1.484453882067018560e+00
1.479187122122189724e+00
1.473964412436750582e+00
1.468786671381139497e+00
1.463654730327438758e+00
1.458569337644403330e+00
1.453531162603046045e+00
1.448540799185531247e+00
1.443598769791399894e+00
1.438705528836704994e+00
1.433861466242589033e+00
1.429066910811094049e+00
1.424322133486600084e+00
1.419627350502238095e+00
1.414982726411248004e+00
1.410388377003771954e+00
1.405844372110105489e+00
1.401350738291861298e+00
1.396907461422737029e+00
1.392514489161073676e+00
1.388171733316391654e+00
1.383879072112528030e+00
1.379636352349911332e+00
1.375443391469912235e+00
1.371299979524005508e+00
1.367205881050818528e+00
1.363160836863940961e+00
1.359164565753603560e+00
1.355216766105214354e+00
1.351317117437722981e+00
1.347465281864848041e+00
1.343660905482110701e+00
1.339903619682546232e+00
1.336193042404000053e+00
1.332528779310781619e+00
1.328910424912380428e+00
1.325337563621974857e+00
1.321809770757294444e+00
1.318326613486324517e+00
1.314887651720360040e+00
1.311492438956744389e+00
1.308140523073584305e+00
1.304831447078648843e+00
1.301564749814611011e+00
1.298339966622659158e+00
1.295156629966481621e+00
1.292014270018512878e+00
1.288912415210284212e+00
1.285850592748636334e+00
1.282828329099463760e+00
1.279845150440632073e+00
1.276900583085602392e+00
1.273994153879244529e+00
1.271125390567279023e+00
1.268293822140661664e+00
1.265498979156275627e+00
1.262740394035098745e+00
1.260017601339075366e+00
1.257330138027824118e+00
1.254677543696214537e+00
1.252059360793903675e+00
1.249475134827763068e+00
1.246924414548140625e+00
1.244406752119870285e+00
1.241921703278853428e+00
1.239468827475002755e+00
1.237047688002366197e+00
1.234657852117105437e+00
1.232298891144047781e+00
1.229970380572478872e+00
1.227671900141795946e+00
1.225403033917569440e+00
1.223163370358683055e+00
1.220952502375980631e+00
1.218770027382980681e+00
1.216615547339153336e+00
1.214488668786176895e+00
1.212389002877645616e+00
1.210316165402611333e+00
1.208269776803383877e+00
1.206249462187903854e+00
1.204254851337127619e+00
1.202285578707644520e+00
1.200341283429934514e+00
1.198421609302521507e+00
1.196526204782294878e+00
1.194654722971298488e+00
1.192806821600216560e+00
1.190982163008775130e+00
1.189180414123340412e+00
1.187401246431871504e+00
1.185644335956452800e+00
1.183909363223597966e+00
1.182196013232490017e+00
1.180503975421332230e+00
1.178832943631996200e+00
1.177182616073046084e+00
1.175552695281372406e+00
1.173942888082491365e+00
1.172352905549689295e+00
1.170782462962078885e+00
1.169231279761733688e+00
1.167699079509964655e+00
1.166185589842851034e+00
1.164690542426117581e+00
1.163213672909441998e+00
1.161754720880294967e+00
1.160313429817332320e+00
1.158889547043483903e+00
1.157482823678751327e+00
1.156093014592809887e+00
1.154719878357439056e+00
1.153363177198884593e+00
1.152022676950145152e+00
1.150698147003293537e+00
1.149389360261817483e+00
1.148096093093064596e+00
1.146818125280810952e+00
1.145555239977988027e+00
1.144307223659610795e+00
1.143073866075929201e+00
1.141854960205836544e+00
1.140650302210547418e+00
1.139459691387609608e+00
1.138282930125200432e+00
1.137119823856813428e+00
1.135970181016274116e+00
1.134833812993173874e+00
1.133710534088668620e+00
1.132600161471716715e+00
1.131502515135724085e+00
1.130417417855643425e+00
1.129344695145496402e+00
1.128284175216382579e+00
1.127235688934919988e+00
1.126199069782184203e+00
1.125174153813104372e+00
1.124160779616359296e+00
1.123158788274744913e+00
1.122168023326035824e+00
1.121188330724355087e+00
1.120219558802015847e+00
1.119261558231874121e+00
1.118314181990188949e+00
1.117377285319952174e+00
1.116450725694748236e+00
1.115534362783097366e+00
1.114628058413293932e+00
1.113731676538745941e+00
1.112845083203807039e+00
1.111968146510106781e+00
1.111100736583354731e+00
1.110242725540652620e+00
1.109393987458271447e+00
1.108554398339920199e+00
1.107723836085488189e+00
1.106902180460268337e+00
1.106089313064629431e+00
1.105285117304185771e+00
1.104489478360393795e+00
1.103702283161633879e+00
1.102923420354725348e+00
1.102152780276897115e+00
1.101390254928207080e+00
1.100635737944381409e+00
1.099889124570107457e+00
1.099150311632742349e+00
1.098419197516444568e+00
1.097695682136729411e+00
1.096979666915434359e+00
1.096271054756086105e+00
1.095569750019680599e+00
1.094875658500849891e+00
1.094188687404423987e+00
1.093508745322381959e+00
1.092835742211179184e+00
1.092169589369452076e+00
1.091510199416092730e+00
1.090857486268691057e+00
1.090211365122326415e+00
1.089571752428732276e+00
1.088938565875791298e+00
1.088311724367382549e+00
1.087691148003570252e+00
1.087076758061117587e+00
1.086468476974339792e+00
1.085866228316269666e+00
1.085269936780150157e+00
1.084679528161234030e+00
1.084094929338896174e+00
1.083516068259048337e+00
1.082942873916849624e+00
1.082375276339716530e+00
1.081813206570614083e+00
1.081256596651641422e+00
1.080705379607888927e+00
1.080159489431572029e+00
1.079618861066439450e+00
1.079083430392444587e+00
1.078553134210678444e+00
1.078027910228560149e+00
1.077507697045281931e+00
1.076992434137503007e+00
1.076482061845283944e+00
1.075976521358265048e+00
1.075475754702083897e+00
1.074979704725017804e+00
1.074488315084860757e+00
1.074001530236021296e+00
1.073519295416844876e+00
1.073041556637147842e+00
1.072568260665967665e+00
1.072099355019523248e+00
1.071634787949379719e+00
1.071174508430815742e+00
1.070718466151386217e+00
1.070266611499687492e+00
1.069818895554306204e+00
1.069375270072965733e+00
1.068935687481847197e+00
1.068500100865099167e+00
1.068068463954526592e+00
1.067640731119451569e+00
1.067216857356749760e+00
1.066796798281052894e+00
1.066380510115122471e+00
1.065967949680381555e+00
1.065559074387611993e+00
1.065153842227807512e+00
1.064752211763179579e+00
1.064354142118319801e+00
1.063959592971509327e+00
1.063568524546175231e+00
1.063180897602493236e+00
1.062796673429127869e+00
1.062415813835117406e+00
1.062038281141892249e+00
1.061664038175426983e+00
1.061293048258528549e+00
1.060925275203247864e+00
1.060560683303424234e+00
1.060199237327354327e+00
1.059840902510579053e+00
1.059485644548797456e+00
1.059133429590893183e+00
1.058784224232086180e+00
1.058437995507186535e+00
1.058094710883972223e+00
1.057754338256668758e+00
1.057416845939542327e+00
1.057082202660597936e+00
1.056750377555383258e+00
1.056421340160889732e+00
1.056095060409562469e+00
1.055771508623405630e+00
1.055450655508183067e+00
1.055132472147716882e+00
1.054816929998283026e+00
1.054504000883089931e+00
1.054193656986861072e+00
1.053885870850494344e+00
1.053580615365813378e+00
1.053277863770409661e+00
1.052977589642562162e+00
1.052679766896240876e+00
1.052384369776197426e+00
1.052091372853128259e+00
1.051800751018922897e+00
1.051512479481983897e+00
1.051226533762628534e+00
1.050942889688558424e+00
1.050661523390409524e+00
1.050382411297368090e+00
1.050105530132860343e+00
1.049830856910311638e+00
1.049558368928974472e+00
1.049288043769818879e+00
1.049019859291495882e+00
1.048753793626362452e+00
1.048489825176565970e+00
1.048227932610200197e+00
1.047968094857513188e+00
1.047710291107182279e+00
1.047454500802647015e+00
1.047200703638497155e+00
1.046948879556922174e+00
1.046699008744214288e+00
1.046451071627327423e+00
1.046205048870493259e+00
1.045960921371886343e+00
1.045718670260342487e+00
1.045478276892133351e+00
1.045239722847787212e+00
1.045002989928958348e+00
1.044768060155353062e+00
1.044534915761692773e+00
1.044303539194734842e+00
1.044073913110334706e+00
1.043846020370552630e+00
1.043619844040809763e+00
1.043395367387083938e+00
1.043172573873152320e+00
1.042951447157874911e+00
1.042731971092521581e+00
1.042514129718135507e+00
1.042297907262947021e+00
1.042083288139816322e+00
1.041870256943721929e+00
1.041658798449287326e+00
1.041448897608342694e+00
1.041240539547525934e+00
1.041033709565920340e+00
1.040828393132728236e+00
1.040624575884978587e+00
1.040422243625270360e+00
1.040221382319552523e+00
1.040021978094932020e+00
1.039824017237521714e+00
1.039627486190315420e+00
1.039432371551097356e+00
1.039238660070382680e+00
1.039046338649390000e+00
1.038855394338042526e+00
1.038665814332999426e+00
1.038477585975718709e+00
1.038290696750546083e+00
1.038105134282836017e+00
1.037920886337094339e+00
1.037737940815158355e+00
1.037556285754394070e+00
1.037375909325925827e+00
1.037196799832890592e+00
1.037018945708717554e+00
1.036842335515435920e+00
1.036666957942002032e+00
1.036492801802657571e+00
1.036319856035306408e+00
1.036148109699919662e+00
1.035977551976960065e+00
1.035808172165832985e+00
1.035639959683357425e+00
1.035472904062260113e+00
1.035306994949693138e+00
1.035142222105769561e+00
1.034978575402124568e+00
1.034816044820491943e+00
1.034654620451308737e+00
1.034494292492331935e+00
1.034335051247280646e+00
1.034176887124496291e+00
1.034019790635619662e+00
1.033863752394291735e+00
1.033708763114868923e+00
1.033554813611157641e+00
1.033401894795168863e+00
1.033249997675887100e+00
1.033099113358061594e+00
1.032949233041009274e+00
1.032800348017437475e+00
1.032652449672284867e+00
1.032505529481575479e+00
1.032359579011291384e+00
1.032214589916258918e+00
1.032070553939053781e+00
1.031927462908918347e+00
1.031785308740696294e+00
1.031644083433779890e+00
1.031503779071076154e+00
1.031364387817981898e+00
1.031225901921377863e+00
1.031088313708634407e+00
1.030951615586629400e+00
1.030815800040786545e+00
1.030680859634116819e+00
1.030546787006281884e+00
1.030413574872667715e+00
1.030281216023467783e+00
1.030149703322782662e+00
1.030019029707732292e+00
1.029889188187577131e+00
1.029760171842852845e+00
1.029631973824519653e+00
1.029504587353117895e+00
1.029378005717940692e+00
1.029252222276211937e+00
1.029127230452281827e+00
1.029003023736828171e+00
1.028879595686071236e+00
1.028756939920998814e+00
1.028635050126599948e+00
1.028513920051112196e+00
1.028393543505275787e+00
1.028273914361600205e+00
1.028155026553639884e+00
1.028036874075277662e+00
1.027919450980022020e+00
1.027802751380308521e+00
1.027686769446815696e+00
1.027571499407786026e+00
1.027456935548358263e+00
1.027343072209907282e+00
1.027229903789393717e+00
1.027117424738721585e+00
1.027005629564103906e+00
1.026894512825438976e+00
1.026784069135690425e+00
1.026674293160281470e+00
1.026565179616490742e+00
1.026456723272861637e+00
1.026348918948614353e+00
1.026241761513071005e+00
1.026135245885082314e+00
1.026029367032466943e+00
1.025924119971454829e+00
1.025819499766140064e+00
1.025715501527937779e+00
1.025612120415051232e+00
1.025509351631944233e+00
1.025407190428821336e+00
1.025305632101112252e+00
1.025204671988965588e+00
1.025104305476749023e+00
1.025004527992553260e+00
1.024905335007705753e+00
1.024806722036287310e+00
1.024708684634657807e+00
1.024611218400986568e+00
1.024514318974786953e+00
1.024417982036461616e+00
1.024322203306848866e+00
1.024226978546775690e+00
1.024132303556619439e+00
1.024038174175871063e+00
1.023944586282706126e+00
1.023851535793561363e+00
1.023759018662715237e+00
1.023667030881874052e+00
1.023575568479764497e+00
1.023484627521730639e+00
1.023394204109333794e+00
1.023304294379961954e+00
1.023214894506438766e+00
1.023126000696642723e+00
