8.407841775777331605e+00
8.370574886514853929e+00
8.269708296666461678e+00
8.129396878423168715e+00
7.972310866050918321e+00
7.812840847224133078e+00
7.657934275566001148e+00
7.510080392622907830e+00
7.369641598374808034e+00
7.236149526234601836e+00
7.108906712899137226e+00
6.987226999958907392e+00
6.870512272451069435e+00
6.758263198641286884e+00
6.650067414125039988e+00
6.545582777300501753e+00
6.444521984089222499e+00
6.346640203213141262e+00
6.251725690638331834e+00
6.159592838616432253e+00
6.070077063960272135e+00
5.983031033620802575e+00
5.898321844739659703e+00
5.815828881183539245e+00
5.735442149923113853e+00
5.657060960106626624e+00
5.580592849799593580e+00
5.505952694648204471e+00
5.433061952875275935e+00
5.361848014805628893e+00
5.292243634531678786e+00
5.224186427758237272e+00
5.157618424263121781e+00
5.092485666433265834e+00
5.028737847423832008e+00
4.966327983943175539e+00
4.905212119689915440e+00
4.845349056199593107e+00
4.786700108387149655e+00
4.729228882463347716e+00
4.672901074198829718e+00
4.617684285740285333e+00
4.563547859366009263e+00
4.510462726719671522e+00
4.458401272188112330e+00
4.407337209199624795e+00
4.357245468316341075e+00
4.308102096083180399e+00
4.259884163674762192e+00
4.212569684456997976e+00
4.166137539647555954e+00
4.120567411324786100e+00
4.075839722093068218e+00
4.031935580769918204e+00
3.988836733512193256e+00
3.946525519847352559e+00
3.904984833122342458e+00
3.864198084924862719e+00
3.824149173071612395e+00
3.784822452795008729e+00
3.746202710793976376e+00
3.708275141846102851e+00
3.671025327707018171e+00
3.634439218050343090e+00
3.598503113225322902e+00
3.563203648631969145e+00
3.528527780534151947e+00
3.494462773149606072e+00
3.460996186872530522e+00
3.428115867500345360e+00
3.395809936349662106e+00
3.364066781159326780e+00
3.332875047689757064e+00
3.302223631937874604e+00
3.272101672896356561e+00
3.242498545793855325e+00
3.213403855760743610e+00
3.184807431870776195e+00
3.156699321515738621e+00
3.129069785074973353e+00
3.101909290846311507e+00
3.075208510209390234e+00
3.048958312995692310e+00
3.023149763043102123e+00
2.997774113915600225e+00
2.972822804771199756e+00
2.948287456363520853e+00
2.924159867164399351e+00
2.900432009596408456e+00
2.877096026366173120e+00
2.854144226889947511e+00
2.831569083804912346e+00
2.809363229559828312e+00
2.787519453080192555e+00
2.766030696503419151e+00
2.744890051980241719e+00
2.724090758539372992e+00
2.703626199012486353e+00
2.683489897017366843e+00
2.663675513997185718e+00
2.644176846314309159e+00
2.624987822397175208e+00
2.606102499938971029e+00
2.587515063147200145e+00
2.569219820043004532e+00
2.551211199809689134e+00
2.533483750189594375e+00
2.516032134928631869e+00
2.498851131268108539e+00
2.481935627483104145e+00
2.465280620466972827e+00
2.448881213361527198e+00
2.432732613232380992e+00
2.416830128789018595e+00
2.401169168149159816e+00
2.385745236646847012e+00
2.370553934684065389e+00
2.355590955625039840e+00
2.340852083733096833e+00
2.326333192149425244e+00
2.312030240913211188e+00
2.297939275022771177e+00
2.284056422537066311e+00
2.270377892717077906e+00
2.256899974206553861e+00
2.243619033251531558e+00
2.230531511958086632e+00
2.217633926587760484e+00
2.204922865890054595e+00
2.192394989471412536e+00
2.180047026200171878e+00
2.167875772646762123e+00
2.155878091558668164e+00
2.144050910369498908e+00
2.132391219741542443e+00
2.120896072141259303e+00
2.109562580447054359e+00
2.098387916588743352e+00
2.087369310218112339e+00
2.076504047409946541e+00
2.065789469392930400e+00
2.055222971309889957e+00
2.044802001006633674e+00
2.034524057848967615e+00
2.024386691567184648e+00
2.014387501127518743e+00
2.004524133629933758e+00
1.994794283231722920e+00
1.985195690096357657e+00
1.975726139366982270e+00
1.966383460164076169e+00
1.957165524606736318e+00
1.948070246856963950e+00
1.939095582186555866e+00
1.930239526066026556e+00
1.921500113275018240e+00
1.912875417033792047e+00
1.904363548155258101e+00
1.895962654217021370e+00
1.887670918753091343e+00
1.879486560464699307e+00
1.871407832449769382e+00
1.863433021450686455e+00
1.855560447119811052e+00
1.847788461302413365e+00
1.840115447336544197e+00
1.832539819369468415e+00
1.825060021690251277e+00
1.817674528078105034e+00
1.810381841166107009e+00
1.803180491819943665e+00
1.796069038531260098e+00
1.789046066825331849e+00
1.782110188682644925e+00
1.775260041974043190e+00
1.768494289909202433e+00
1.761811620497968800e+00
1.755210746024330248e+00
1.748690402532714794e+00
1.742249349326258523e+00
1.735886368476792896e+00
1.729600264346238259e+00
1.723389863119154874e+00
1.717254012346103309e+00
1.711191580497642306e+00
1.705201456528654624e+00
1.699282549452696633e+00
1.693433787926224898e+00
1.687654119842386669e+00
1.681942511934155560e+00
1.676297949386571506e+00
1.670719435457883151e+00
1.665205991109365069e+00
1.659756654643572471e+00
1.654370481350867950e+00
1.649046543163970258e+00
1.643783928320365906e+00
1.638581741032373973e+00
1.633439101164662510e+00
1.628355143919071768e+00
1.623329019526524419e+00
1.618359892945864686e+00
1.613446943569472047e+00
1.608589364935465671e+00
1.603786364446340595e+00
1.599037163093872227e+00
1.594340995190170140e+00
1.589697108104691559e+00
1.585104762007080836e+00
1.580563229615716825e+00
1.576071795951796251e+00
1.571629758098836316e+00
1.567236424967484609e+00
1.562891117065452917e+00
1.558593166272516317e+00
1.554341915620405246e+00
1.550136719077528369e+00
1.545976941338317978e+00
1.541861957617211676e+00
1.537791153447042980e+00
1.533763924481815311e+00
1.529779676303711033e+00
1.525837824234267170e+00
1.521937793149573004e+00
1.518079017299460931e+00
1.514260940130529809e+00
1.510483014112949274e+00
1.506744700570952222e+00
1.503045469516918864e+00
1.499384799488961306e+00
1.495762177391946057e+00
1.492177098341894048e+00
1.488629065513592087e+00
1.485117589991444609e+00
1.481642190623436495e+00
1.478202393878145005e+00
1.474797733704720226e+00
1.471427751395780970e+00
1.468091995453165266e+00
1.464790021456432001e+00
1.461521391934100134e+00
1.458285676237527362e+00
1.455082450417387818e+00
1.451911297102667753e+00
1.448771805382140565e+00
1.445663570688278554e+00
1.442586194683492140e+00
1.439539285148718317e+00
1.436522455874234216e+00
1.433535326552691780e+00
1.430577522674312041e+00
1.427648675424187941e+00
1.424748421581636615e+00
1.421876403421583834e+00
1.419032268617906878e+00
1.416215670148719186e+00
1.413426266203517523e+00
1.410663720092192319e+00
1.407927700155823469e+00
1.405217879679260040e+00
1.402533936805396841e+00
1.399875554451151860e+00
1.397242420225096815e+00
1.394634226346687322e+00
1.392050669567075349e+00
1.389491451091474872e+00
1.386956276503016561e+00
1.384444855688108600e+00
1.381956902763205042e+00
1.379492136003025893e+00
1.377050277770133890e+00
1.374631054445875744e+00
1.372234196362651648e+00
1.369859437737473318e+00
1.367506516606788569e+00
1.365175174762562893e+00
1.362865157689562956e+00
1.360576214503820935e+00
1.358308097892298338e+00
1.356060564053649831e+00
1.353833372640120825e+00
1.351626286700546409e+00
1.349439072624395664e+00
1.347271500086893781e+00
1.345123341995132282e+00
1.342994374435224403e+00
1.340884376620401497e+00
1.338793130840115086e+00
1.336720422410037745e+00
1.334666039623026101e+00
1.332629773700952924e+00
1.330611418747462693e+00
1.328610771701563165e+00
1.326627632292066483e+00
1.324661802992893378e+00
1.322713088979156293e+00
1.320781298084076960e+00
1.318866240756636277e+00
1.316967730020052407e+00
1.315085581430954997e+00
1.313219613039331435e+00
1.311369645349178548e+00
1.309535501279859293e+00
1.307717006128159998e+00
1.305913987531024834e+00
1.304126275428944215e+00
1.302353702030007110e+00
1.300596101774592839e+00
1.298853311300673274e+00
1.297125169409750312e+00
1.295411517033378868e+00
1.293712197200278080e+00
1.292027055004039582e+00
1.290355937571382006e+00
1.288698694030965486e+00
1.287055175482763936e+00
1.285425234967950914e+00
1.283808727439327058e+00
1.282205509732247561e+00
1.280615440536063021e+00
1.279038380366047445e+00
1.277474191535817205e+00
1.275922738130211176e+00
1.274383885978656705e+00
1.272857502628971460e+00
1.271343457321632675e+00
1.269841620964468509e+00
1.268351866107789050e+00
1.266874066919944974e+00
1.265408099163289002e+00
1.263953840170551679e+00
1.262511168821619734e+00
1.261079965520691459e+00
1.259660112173837332e+00
1.258251492166918784e+00
1.256853990343887562e+00
1.255467492985444578e+00
1.254091887788056914e+00
1.252727063843315447e+00
1.251372911617657069e+00
1.250029322932393772e+00
1.248696190944100115e+00
1.247373410125302451e+00
1.246060876245504767e+00
1.244758486352512517e+00
1.243466138754073746e+00
1.242183732999809553e+00
1.240911169863456953e+00
1.239648351325384201e+00
1.238395180555400765e+00
1.237151561895844631e+00
1.235917400844943170e+00
1.234692604040446007e+00
1.233477079243520569e+00
1.232270735322905209e+00
1.231073482239320116e+00
1.229885231030132919e+00
1.228705893794261872e+00
1.227535383677320624e+00
1.226373614857015237e+00
1.225220502528751254e+00
1.224075962891487901e+00
1.222939913133809453e+00
1.221812271420218643e+00
1.220692956877643232e+00
1.219581889582165068e+00
1.218478990545946994e+00
1.217384181704370683e+00
1.216297385903381212e+00
1.215218526887021033e+00
1.214147529285161120e+00
1.213084318601430622e+00
1.212028821201322160e+00
1.210980964300498064e+00
1.209940675953258715e+00
1.208907885041207164e+00
1.207882521262080955e+00
1.206864515118750036e+00
1.205853797908402525e+00
1.204850301711875016e+00
1.203853959383159644e+00
1.202864704539070573e+00
1.201882471549067688e+00
1.200907195525227289e+00
1.199938812312379977e+00
1.198977258478391095e+00
1.198022471304581060e+00
1.197074388776308895e+00
1.196132949573677440e+00
1.195198093062396216e+00
1.194269759284767529e+00
1.193347888950820224e+00
1.192432423429572008e+00
1.191523304740416123e+00
1.190620475544642787e+00
1.189723879137093210e+00
1.188833459437923956e+00
1.187949160984503649e+00
1.187070928923427804e+00
1.186198709002649343e+00
1.185332447563729019e+00
1.184472091534196858e+00
1.183617588420030176e+00
1.182768886298236399e+00
1.181925933809549356e+00
1.181088680151230363e+00
1.180257075069977457e+00
1.179431068854932319e+00
1.178610612330796670e+00
1.177795656851040373e+00
1.176986154291213671e+00
1.176182057042358675e+00
1.175383318004506794e+00
1.174589890580279627e+00
1.173801728668575795e+00
1.173018786658349910e+00
1.172241019422487041e+00
1.171468382311753986e+00
1.170700831148844268e+00
1.169938322222509708e+00
1.169180812281765958e+00
1.168428258530192831e+00
1.167680618620310140e+00
1.166937850648028130e+00
1.166199913147184297e+00
1.165466765084155476e+00
1.164738365852539204e+00
1.164014675267924126e+00
1.163295653562718357e+00
1.162581261381058439e+00
1.161871459773792248e+00
1.161166210193522064e+00
1.160465474489727811e+00
1.159769214903952683e+00
1.159077394065054945e+00
1.158389974984525228e+00
1.157706921051876003e+00
1.157028196030084111e+00
1.156353764051104127e+00
1.155683589611440576e+00
1.155017637567780975e+00
1.154355873132689059e+00
1.153698261870357067e+00
1.153044769692419314e+00
1.152395362853814165e+00
1.151750007948713517e+00
1.151108671906500902e+00
1.150471321987805329e+00
1.149837925780589520e+00
1.149208451196291669e+00
1.148582866466019148e+00
1.147961140136791069e+00
1.147343241067836583e+00
1.146729138426938688e+00
1.146118801686827560e+00
1.145512200621625620e+00
1.144909305303336566e+00
1.144310086098379919e+00
1.143714513664179533e+00
1.143122558945789180e+00
1.142534193172566548e+00
1.141949387854892084e+00
1.141368114780928700e+00
1.140790346013428103e+00
1.140216053886574876e+00
1.139645211002877634e+00
1.139077790230094145e+00
1.138513764698202646e+00
1.137953107796411123e+00
1.137395793170205671e+00
1.136841794718435050e+00
1.136291086590439203e+00
1.135743643183207752e+00
1.135199439138582012e+00
1.134658449340489872e+00
1.134120648912216645e+00
1.133586013213710997e+00
1.133054517838929298e+00
1.132526138613209055e+00
1.132000851590680313e+00
1.131478633051705707e+00
1.130959459500359809e+00
1.130443307661935348e+00
1.129930154480484727e+00
1.129419977116388862e+00
1.128912752943961539e+00
1.128408459549082865e+00
1.127907074726860914e+00
1.127408576479325575e+00
1.126912943013150148e+00
1.126420152737401370e+00
1.125930184261320743e+00
1.125443016392128293e+00
1.124958628132861627e+00
1.124476998680234763e+00
1.123998107422527593e+00
1.123521933937503547e+00
1.123048457990347249e+00
1.122577659531634131e+00
1.122109518695322716e+00
