1.202936626961155664e+00
1.202894659987767234e+00
1.202769008767452963e+00
1.202560415392025073e+00
1.202270093817011221e+00
1.201899697234190434e+00
1.201451275514571426e+00
1.200927225381798191e+00
1.200330236174711906e+00
1.199663233979076704e+00
1.198929326604050383e+00
1.198131751422674807e+00
1.197273827566285309e+00
1.196358913430555226e+00
1.195390369968474698e+00
1.194371529845867252e+00
1.193305672231401715e+00
1.192196002784816411e+00
1.191045638283356523e+00
1.189857595271301527e+00
1.188634782113942467e+00
1.187379993869142725e+00
1.186095909443086516e+00
1.184785090561196519e+00
1.183449982152861679e+00
1.182092913814069890e+00
1.180716102072359108e+00
1.179321653231773848e+00
1.177911566621437478e+00
1.176487738109758707e+00
1.175051963778006359e+00
1.173605943672597629e+00
1.172151285575864454e+00
1.170689508751116881e+00
1.169222047630302797e+00
1.167750255422095318e+00
1.166275407625487981e+00
1.164798705439370474e+00
1.163321279062556890e+00
1.161844190881606842e+00
1.160368438545843262e+00
1.158894957930427294e+00
1.157424625989264655e+00
1.155958263500209249e+00
1.154496637705360484e+00
1.153040464849496072e+00
1.151590412619755810e+00
1.150147102489705198e+00
1.148711111970878829e+00
1.147282976774804064e+00
1.145863192888446180e+00
1.144452218565911839e+00
1.143050476239122260e+00
1.141658354350135740e+00
1.140276209107631944e+00
1.138904366170067517e+00
1.137543122257871353e+00
1.136192746697028966e+00
1.134853482896312382e+00
1.133525549760368678e+00
1.132209143040823651e+00
1.130904436627511389e+00
1.129611583781882977e+00
1.128330718314622061e+00
1.127061955709437457e+00
1.125805394194959064e+00
1.124561115766635311e+00
1.123329187160486464e+00
1.122109660780510998e+00
1.120902575581515848e+00
1.119707957909110707e+00
1.118525822298532368e+00
1.117356172233952671e+00
1.116199000869864566e+00
1.115054291716105483e+00
1.113922019288033916e+00
1.112802149723317147e+00
1.111694641366778979e+00
1.110599445324656598e+00
1.109516505989642798e+00
1.108445761537974139e+00
1.107387144399847534e+00
1.106340581704347459e+00
1.105305995700070154e+00
1.104283304152563705e+00
1.103272420719656699e+00
1.102273255305739941e+00
1.101285714395985993e+00
1.100309701371474214e+00
1.099345116806156986e+00
1.098391858746542438e+00
1.097449822974952083e+00
1.096518903257174049e+00
1.095598991575280401e+00
1.094689978346376602e+00
1.093791752627982117e+00
1.092904202310733375e+00
1.092027214299066573e+00
1.091160674680503151e+00
1.090304468884128353e+00
1.089458481828846415e+00
1.088622598061937730e+00
1.087796701888448458e+00
1.086980677491904634e+00
1.086174409046809952e+00
1.085377780823387983e+00
1.084590677284985372e+00
1.083812983178544576e+00
1.083044583618530066e+00
1.082285364164672137e+00
1.081535210893881604e+00
1.080794010466658239e+00
1.080061650188313571e+00
1.079338018065298943e+00
1.078623002856928803e+00
1.077916494122761026e+00
1.077218382265893837e+00
1.076528558572412697e+00
1.075846915247227642e+00
1.075173345446503559e+00
1.074507743306901242e+00
1.073850003971813294e+00
1.073200023614786947e+00
1.072557699460302105e+00
1.071922929802070712e+00
1.071295614019017295e+00
1.070675652589080817e+00
1.070062947100983042e+00
1.069457400264094860e+00
1.068858915916519381e+00
1.068267399031515907e+00
1.067682755722374921e+00
1.067104893245841346e+00
1.066533720004198882e+00
1.065969145546093788e+00
1.065411080566199375e+00
1.064859436903792700e+00
1.064314127540330723e+00
1.063775066596098107e+00
1.063242169325989028e+00
1.062715352114499190e+00
1.062194532469983299e+00
1.061679629018234428e+00
1.061170561495448750e+00
1.060667250740616074e+00
1.060169618687392568e+00
1.059677588355496303e+00
1.059191083841672931e+00
1.058710030310267003e+00
1.058234353983438902e+00
1.057763982131062708e+00
1.057298843060338278e+00
1.056838866105147101e+00
1.056383981615182321e+00
1.055934120944881149e+00
1.055489216442182299e+00
1.055049201437135320e+00
1.054614010230381815e+00
1.054183578081530515e+00
1.053757841197447087e+00
1.053336736720472677e+00
1.052920202716592257e+00
1.052508178163567010e+00
1.052100602939045171e+00
1.051697417808664214e+00
1.051298564414157921e+00
1.050903985261483653e+00
1.050513623708971167e+00
1.050127423955513173e+00
1.049745331028802520e+00
1.049367290773620898e+00
1.048993249840197706e+00
1.048623155672632867e+00
1.048256956497399361e+00
1.047894601311930574e+00
1.047536039873294245e+00
1.047181222686961233e+00
1.046830100995671753e+00
1.046482626768407975e+00
1.046138752689466322e+00
1.045798432147648560e+00
1.045461619225555250e+00
1.045128268689004880e+00
1.044798335976563575e+00
1.044471777189198480e+00
1.044148549080050614e+00
1.043828609044332723e+00
1.043511915109351929e+00
1.043198425924654948e+00
1.042888100752303648e+00
1.042580899457273613e+00
1.042276782497986165e+00
1.041975710916960507e+00
1.041677646331600648e+00
1.041382550925107564e+00
1.041090387437517695e+00
1.040801119156872456e+00
1.040514709910512536e+00
1.040231124056500311e+00
1.039950326475167497e+00
1.039672282560788918e+00
1.039396958213380850e+00
1.039124319830623477e+00
1.038854334299905702e+00
1.038586968990494297e+00
1.038322191745820300e+00
1.038059970875888638e+00
1.037800275149805440e+00
1.037543073788423031e+00
1.037288336457101501e+00
1.037036033258585288e+00
1.036786134725994124e+00
1.036538611815925881e+00
1.036293435901672000e+00
1.036050578766542607e+00
1.035810012597297991e+00
1.035571709977691102e+00
1.035335643882113299e+00
1.035101787669345574e+00
1.034870115076411912e+00
1.034640600212535677e+00
1.034413217553195263e+00
1.034187941934278321e+00
1.033964748546335022e+00
1.033743612928924582e+00
1.033524510965059706e+00
1.033307418875740069e+00
1.033092313214582170e+00
1.032879170862536000e+00
1.032667969022692755e+00
1.032458685215176919e+00
1.032251297272130941e+00
1.032045783332776523e+00
1.031842121838567161e+00
1.031640291528416409e+00
1.031440271434012290e+00
1.031242040875206545e+00
1.031045579455486472e+00
1.030850867057520270e+00
1.030657883838778988e+00
1.030466610227234625e+00
1.030277026917129080e+00
1.030089114864815691e+00
1.029902855284672292e+00
1.029718229645082861e+00
1.029535219664488022e+00
1.029353807307501922e+00
1.029173974781096401e+00
1.028995704530849542e+00
1.028818979237256404e+00
1.028643781812105473e+00
1.028470095394913297e+00
1.028297903349423059e+00
1.028127189260159335e+00
1.027957936929043248e+00
1.027790130372064237e+00
1.027623753816010010e+00
1.027458791695247342e+00
1.027295228648563263e+00
1.027133049516053998e+00
1.026972239336071624e+00
1.026812783342217372e+00
1.026654666960389983e+00
1.026497875805880255e+00
1.026342395680516884e+00
1.026188212569858926e+00
1.026035312640436237e+00
1.025883682237036076e+00
1.025733307880034140e+00
1.025584176262772207e+00
1.025436274248978208e+00
1.025289588870229363e+00
1.025144107323458398e+00
1.024999816968501509e+00
1.024856705325685846e+00
1.024714760073458075e+00
1.024573969046052691e+00
1.024434320231198070e+00
1.024295801767860503e+00
1.024158401944027075e+00
1.024022109194522301e+00
1.023886912098864510e+00
1.023752799379154421e+00
1.023619759897999471e+00
1.023487782656472778e+00
1.023356856792105418e+00
1.023226971576910227e+00
1.023098116415440906e+00
1.022970280842878443e+00
1.022843454523153728e+00
1.022717627247096583e+00
1.022592788930617447e+00
1.022468929612917021e+00
1.022346039454726352e+00
1.022224108736573989e+00
1.022103127857081795e+00
1.021983087331288953e+00
1.021863977789001732e+00
1.021745789973170115e+00
1.021628514738290860e+00
1.021512143048836307e+00
1.021396665977707618e+00
1.021282074704713549e+00
1.021168360515071871e+00
1.021055514797937436e+00
1.020943529044951337e+00
1.020832394848812941e+00
1.020722103901876565e+00
1.020612647994768807e+00
1.020504019015028074e+00
1.020396208945764771e+00
1.020289209864344793e+00
1.020183013941091010e+00
1.020077613438006736e+00
1.019973000707519173e+00
1.019869168191241293e+00
1.019766108418754813e+00
1.019663814006410263e+00
1.019562277656146598e+00
1.019461492154330795e+00
1.019361450370610545e+00
1.019262145256791818e+00
1.019163569845725981e+00
1.019065717250220882e+00
1.018968580661963941e+00
1.018872153350464105e+00
1.018776428662009792e+00
1.018681400018642158e+00
1.018587060917143239e+00
1.018493404928042967e+00
1.018400425694636624e+00
1.018308116932020724e+00
1.018216472426141994e+00
1.018125486032861460e+00
1.018035151677031402e+00
1.017945463351587643e+00
1.017856415116654922e+00
1.017768001098666275e+00
1.017680215489493722e+00
1.017593052545594734e+00
1.017506506587169346e+00
1.017420571997330825e+00
1.017335243221287655e+00
1.017250514765540181e+00
1.017166381197085245e+00
1.017082837142636809e+00
1.016999877287854570e+00
1.016917496376585905e+00
1.016835689210119353e+00
1.016754450646447427e+00
1.016673775599540752e+00
1.016593659038634412e+00
1.016514095987521848e+00
1.016435081523862749e+00
1.016356610778497149e+00
1.016278678934772195e+00
1.016201281227877340e+00
1.016124412944190647e+00
1.016048069420632416e+00
1.015972246044029692e+00
1.015896938250490100e+00
1.015822141524782785e+00
1.015747851399731561e+00
1.015674063455612508e+00
1.015600773319563999e+00
1.015527976665003385e+00
1.015455669211051681e+00
1.015383846721967132e+00
1.015312505006587429e+00
1.015241639917777938e+00
1.015171247351889683e+00
1.015101323248223553e+00
1.015031863588503613e+00
1.014962864396355968e+00
1.014894321736796501e+00
1.014826231715725058e+00
1.014758590479426292e+00
1.014691394214078946e+00
1.014624639145271123e+00
1.014558321537520680e+00
1.014492437693806259e+00
1.014426983955100559e+00
1.014361956699912692e+00
1.014297352343836112e+00
1.014233167339102959e+00
1.014169398174144199e+00
1.014106041373156186e+00
1.014043093495672343e+00
1.013980551136142827e+00
1.013918410923516644e+00
1.013856669520833309e+00
1.013795323624816280e+00
1.013734369965475057e+00
1.013673805305710607e+00
1.013613626440927451e+00
1.013553830198650196e+00
1.013494413438145170e+00
1.013435373050048494e+00
1.013376705955997048e+00
1.013318409108266538e+00
1.013260479489412891e+00
1.013202914111918540e+00
1.013145710017845147e+00
1.013088864278488765e+00
1.013032373994040336e+00
1.012976236293252175e+00
1.012920448333106016e+00
1.012865007298488162e+00
1.012809910401867741e+00
1.012755154882978736e+00
1.012700738008507795e+00
1.012646657071783363e+00
1.012592909392473484e+00
1.012539492316281819e+00
1.012486403214652553e+00
1.012433639484476622e+00
1.012381198547802175e+00
1.012329077851549686e+00
1.012277274867229293e+00
1.012225787090662577e+00
1.012174612041709443e+00
1.012123747263995233e+00
1.012073190324644045e+00
1.012022938814015394e+00
1.011972990345441969e+00
1.011923342554973404e+00
1.011873993101122915e+00
1.011824939664614398e+00
1.011776179948137289e+00
1.011727711676100760e+00
1.011679532594392805e+00
1.011631640470142424e+00
1.011584033091484036e+00
1.011536708267325224e+00
1.011489663827118246e+00
1.011442897620632886e+00
1.011396407517733742e+00
1.011350191408159072e+00
1.011304247201302742e+00
1.011258572826000401e+00
1.011213166230315208e+00
1.011168025381329549e+00
1.011123148264937432e+00
1.011078532885639092e+00
1.011034177266341150e+00
1.010990079448154555e+00
1.010946237490199850e+00
1.010902649469410663e+00
1.010859313480343413e+00
1.010816227634986131e+00
1.010773390062571719e+00
1.010730798909392547e+00
1.010688452338617926e+00
1.010646348530113814e+00
1.010604485680263398e+00
1.010562862001791462e+00
1.010521475723591411e+00
1.010480325090551412e+00
1.010439408363386082e+00
1.010398723818468403e+00
1.010358269747663407e+00
1.010318044458165865e+00
1.010278046272336638e+00
1.010238273527545250e+00
1.010198724576009788e+00
1.010159397784642588e+00
1.010120291534895909e+00
1.010081404222609169e+00
1.010042734257859287e+00
1.010004280064811244e+00
1.009966040081572869e+00
1.009928012760047622e+00
1.009890196565793818e+00
1.009852589977880966e+00
1.009815191488750763e+00
1.009777999604079213e+00
1.009741012842639174e+00
1.009704229736166248e+00
1.009667648829224218e+00
1.009631268679074934e+00
1.009595087855546414e+00
1.009559104940905616e+00
1.009523318529729652e+00
1.009487727228781218e+00
1.009452329656884251e+00
1.009417124444800473e+00
1.009382110235109042e+00
1.009347285682085538e+00
1.009312649451584276e+00
1.009278200220920629e+00
1.009243936678755560e+00
1.009209857524981047e+00
1.009175961470606397e+00
1.009142247237647672e+00
1.009108713559015991e+00
1.009075359178408959e+00
1.009042182850201863e+00
1.009009183339342197e+00
1.008976359421242863e+00
1.008943709881678474e+00
