5.777363635436098654e+00
5.754675894760114652e+00
5.689860722242918278e+00
5.591248318120237037e+00
5.469186663227731948e+00
5.333376150870965837e+00
5.191536617305093415e+00
5.049172688036189349e+00
4.909886136378458055e+00
4.775841289189779459e+00
4.648197011530674772e+00
4.527446068911020305e+00
4.413659981146801137e+00
4.306656792176736914e+00
4.206111954186947166e+00
4.111629503006838604e+00
4.022786470918256363e+00
3.939159701305343653e+00
3.860341315103180460e+00
3.785946989259744822e+00
3.715619769329919553e+00
3.649031173603522582e+00
3.585880709865491234e+00
3.525894511203559567e+00
3.468823529535909778e+00
3.414441554069786111e+00
3.362543213002398446e+00
3.312942048265342443e+00
3.265468710532301255e+00
3.219969295679057542e+00
3.176303828351368708e+00
3.134344889365351605e+00
3.093976378843355413e+00
3.055092404683828367e+00
3.017596285169790615e+00
2.981399654599555582e+00
2.946421661383033630e+00
2.912588248842396421e+00
2.879831509842385451e+00
2.848089107268513942e+00
2.817303753223248997e+00
2.787422740598487270e+00
2.758397521396807939e+00
2.730183326814055178e+00
2.702738824663242667e+00
2.676025810222596668e+00
2.650008927031700878e+00
2.624655414549970978e+00
2.599934879932933374e+00
2.575819091483626977e+00
2.552281791601211047e+00
2.529298527282968223e+00
2.506846496442312944e+00
2.484904408488101346e+00
2.463452357772534462e+00
2.442471708658308760e+00
2.421944991083791798e+00
2.401855805618210660e+00
2.382188737100594089e+00
2.362929276046579208e+00
2.344063747088014793e+00
2.325579243783048256e+00
2.307463569198845654e+00
2.289705181727864414e+00
2.272293145650437829e+00
2.255217086003747706e+00
2.238467147359402887e+00
2.222033956149858547e+00
2.205908586218405354e+00
2.190082527298078396e+00
2.174547656152910236e+00
2.159296210140062122e+00
2.144320762973922712e+00
2.129614202494047870e+00
2.115169710256989077e+00
2.100980742789159805e+00
2.087041014352743140e+00
2.073344481090535485e+00
2.059885326427902008e+00
2.046657947621281615e+00
2.033656943352885271e+00
2.020877102280315363e+00
2.008313392458259017e+00
1.995960951556965624e+00
1.983815077809028882e+00
1.971871221622136350e+00
1.960124977801261492e+00
1.948572078328680179e+00
1.937208385654935583e+00
1.926029886458066720e+00
1.915032685832197323e+00
1.904213001870031619e+00
1.893567160607093181e+00
1.883091591298123646e+00
1.872782821998912217e+00
1.862637475429131939e+00
1.852652265093701622e+00
1.842823991642446702e+00
1.833149539449367538e+00
1.823625873394524977e+00
1.814250035833053554e+00
1.805019143737021103e+00
1.795930385997251522e+00
1.786981020873119608e+00
1.778168373579551931e+00
1.769489834001131801e+00
1.760942854524366830e+00
1.752524947979532399e+00
1.744233685684632107e+00
1.736066695584272512e+00
1.728021660477051968e+00
1.720096316325539831e+00
1.712288450643325355e+00
1.704595900954183119e+00
1.697016553318652532e+00
1.689548340923855418e+00
1.682189242732545331e+00
1.674937282187845877e+00
1.667790525970265003e+00
1.660747082803929686e+00
1.653805102309227282e+00
1.646962773899125043e+00
1.640218325716797487e+00
1.633570023612264555e+00
1.627016170155948682e+00
1.620555103687182807e+00
1.614185197395890725e+00
1.607904858435722950e+00
1.601712527067080227e+00
1.595606675828590948e+00
1.589585808735649586e+00
1.583648460504755384e+00
1.577793195802454029e+00
1.572018608517779414e+00
1.566323321057152551e+00
1.560705983660737095e+00
1.555165273739382847e+00
1.549699895231233082e+00
1.544308577977234531e+00
1.538990077114777311e+00
1.533743172488726270e+00
1.528566668079182067e+00
1.523459391445332933e+00
1.518420193184792488e+00
1.513447946407826539e+00
1.508541546225961039e+00
1.503699909254441858e+00
1.498921973128052976e+00
1.494206696029827031e+00
1.489553056232229888e+00
1.484960051650370705e+00
1.480426699406844682e+00
1.475952035407850804e+00
1.471535113930182215e+00
1.467175007218767702e+00
1.462870805094427684e+00
1.458621614571521174e+00
1.454426559485171300e+00
1.450284780127799822e+00
1.446195432894665345e+00
1.442157689938161180e+00
1.438170738830581108e+00
1.434233782235149413e+00
1.430346037585028984e+00
1.426506736770114525e+00
1.422715125831372163e+00
1.418970464662509201e+00
1.415272026718781051e+00
1.411619098732739941e+00
1.408010980436695370e+00
1.404446984291765732e+00
1.400926435223282862e+00
1.397448670362420042e+00
1.394013038793836090e+00
1.390618901309229383e+00
1.387265630166579111e+00
1.383952608854984945e+00
1.380679231864910816e+00
1.377444904463726694e+00
1.374249042476379135e+00
1.371091072071094263e+00
1.367970429549951739e+00
1.364886561144208255e+00
1.361838922814283759e+00
1.358826980054241185e+00
1.355850207700681764e+00
1.352908089745942455e+00
1.350000119155458922e+00
1.347125797689230797e+00
1.344284635727256649e+00
1.341476152098844965e+00
1.338699873915726979e+00
1.335955336408844341e+00
1.333242082768748560e+00
1.330559663989502983e+00
1.327907638716030903e+00
1.325285573094781011e+00
1.322693040627680006e+00
1.320129622029257987e+00
1.317594905086876711e+00
1.315088484523997625e+00
1.312609961866409769e+00
1.310158945311339806e+00
1.307735049599384691e+00
1.305337895889207456e+00
1.302967111634894204e+00
1.300622330465965870e+00
1.298303192069934386e+00
1.296009342077357518e+00
1.293740431949347292e+00
1.291496118867456078e+00
1.289276065625899026e+00
1.287079940526041133e+00
1.284907417273120078e+00
1.282758174875123114e+00
1.280631897543805353e+00
1.278528274597759085e+00
1.276447000367517903e+00
1.274387774102638149e+00
1.272350299880703473e+00
1.270334286518226552e+00
1.268339447483392224e+00
1.266365500810595401e+00
1.264412169016747800e+00
1.262479179019308173e+00
1.260566262055986098e+00
1.258673153606092221e+00
1.256799593313498775e+00
1.254945324911169724e+00
1.253110096147227459e+00
1.251293658712508972e+00
1.249495768169606835e+00
1.247716183883337271e+00
1.245954668952601763e+00
1.244210990143636453e+00
1.242484917824588253e+00
1.240776225901411678e+00
1.239084691755039103e+00
1.237410096179817343e+00
1.235752223323153709e+00
1.234110860626377315e+00
1.232485798766764118e+00
1.230876831600709487e+00
1.229283756108028980e+00
1.227706372337349805e+00
1.226144483352582748e+00
1.224597895180433049e+00
1.223066416758960218e+00
1.221549859887115730e+00
1.220048039175290588e+00
1.218560771996809455e+00
1.217087878440366921e+00
1.215629181263398362e+00
1.214184505846337858e+00
1.212753680147768076e+00
1.211336534660426123e+00
1.209932902368066054e+00
1.208542618703137839e+00
1.207165521505285000e+00
1.205801450980627409e+00
1.204450249661820571e+00
1.203111762368886506e+00
1.201785836170772725e+00
1.200472320347645505e+00
1.199171066353902138e+00
1.197881927781866418e+00
1.196604760326186456e+00
1.195339421748881081e+00
1.194085771845061705e+00
1.192843672409277245e+00
1.191612987202500973e+00
1.190393581919725996e+00
1.189185324158163803e+00
1.187988083386034566e+00
1.186801730911936970e+00
1.185626139854776717e+00
1.184461185114263237e+00
1.183306743341930201e+00
1.182162692912710700e+00
1.181028913897016475e+00
1.179905288033331168e+00
1.178791698701312951e+00
1.177688030895376770e+00
1.176594171198764194e+00
1.175510007758074460e+00
1.174435430258273128e+00
1.173370329898131059e+00
1.172314599366129695e+00
1.171268132816776442e+00
1.170230825847367706e+00
1.169202575475150940e+00
1.168183280114908795e+00
1.167172839556929187e+00
1.166171154945388810e+00
1.165178128757094811e+00
1.164193664780626136e+00
1.163217668095836155e+00
1.162250045053714764e+00
1.161290703256607104e+00
1.160339551538787761e+00
1.159396499947366710e+00
1.158461459723534093e+00
1.157534343284136291e+00
1.156615064203568188e+00
1.155703537195987174e+00
1.154799678097831794e+00
1.153903403850645493e+00
1.153014632484202329e+00
1.152133283099914474e+00
1.151259275854538355e+00
1.150392531944153474e+00
1.149532973588418994e+00
1.148680524015101900e+00
1.147835107444867830e+00
1.146996649076334363e+00
1.146165075071377215e+00
1.145340312540688021e+00
1.144522289529576797e+00
1.143710935004018880e+00
1.142906178836930353e+00
1.142107951794683052e+00
1.141316185523842952e+00
1.140530812538135264e+00
1.139751766205622907e+00
1.138978980736105040e+00
1.138212391168725190e+00
1.137451933359785894e+00
1.136697543970765611e+00
1.135949160456536600e+00
1.135206721053779066e+00
1.134470164769584510e+00
1.133739431370251571e+00
1.133014461370261738e+00
1.132295196021444239e+00
1.131581577302307906e+00
1.130873547907563559e+00
1.130171051237802926e+00
1.129474031389355648e+00
1.128782433144308595e+00
1.128096201960689049e+00
1.127415283962808656e+00
1.126739625931759026e+00
1.126069175296065872e+00
1.125403880122495925e+00
1.124743689107005729e+00
1.124088551565843197e+00
1.123438417426787961e+00
1.122793237220532259e+00
1.122152962072203941e+00
1.121517543693019370e+00
1.120886934372075761e+00
1.120261086968267206e+00
1.119639954902336587e+00
1.119023492149048060e+00
1.118411653229484770e+00
1.117804393203472912e+00
1.117201667662117703e+00
1.116603432720461919e+00
1.116009645010260787e+00
1.115420261672865676e+00
1.114835240352224588e+00
1.114254539187986115e+00
1.113678116808718421e+00
1.113105932325225922e+00
1.112537945323976762e+00
1.111974115860628221e+00
1.111414404453653582e+00
1.110858772078068935e+00
1.110307180159251672e+00
1.109759590566863352e+00
1.109215965608856269e+00
1.108676268025580169e+00
1.108140460983972675e+00
1.107608508071843190e+00
1.107080373292242736e+00
1.106556021057917061e+00
1.106035416185848552e+00
1.105518523891880101e+00
1.105005309785415557e+00
1.104495739864206794e+00
1.103989780509216700e+00
1.103487398479557013e+00
1.102988560907509408e+00
1.102493235293614982e+00
1.102001389501837680e+00
1.101512991754804993e+00
1.101028010629113929e+00
1.100546415050711824e+00
1.100068174290343315e+00
1.099593257959064818e+00
1.099121636003825841e+00
1.098653278703118463e+00
1.098188156662687209e+00
1.097726240811302656e+00
1.097267502396600536e+00
1.096811912980980130e+00
1.096359444437561281e+00
1.095910068946201354e+00
1.095463758989574155e+00
1.095020487349300797e+00
1.094580227102140091e+00
1.094142951616232873e+00
1.093708634547403191e+00
1.093277249835509224e+00
1.092848771700851485e+00
1.092423174640628991e+00
1.092000433425450057e+00
1.091580523095889488e+00
1.091163418959099074e+00
1.090749096585463818e+00
1.090337531805307236e+00
1.089928700705646403e+00
1.089522579626985621e+00
1.089119145160164503e+00
1.088718374143247125e+00
1.088320243658453812e+00
1.087924731029137115e+00
1.087531813816805748e+00
1.087141469818181827e+00
1.086753677062305634e+00
1.086368413807680788e+00
1.085985658539455612e+00
1.085605389966649348e+00
1.085227587019413242e+00
1.084852228846331590e+00
1.084479294811759420e+00
1.084108764493198596e+00
1.083740617678711660e+00
1.083374834364364547e+00
1.083011394751717482e+00
1.082650279245333858e+00
1.082291468450341965e+00
1.081934943170014041e+00
1.081580684403388837e+00
1.081228673342924607e+00
1.080878891372180517e+00
1.080531320063536027e+00
1.080185941175933584e+00
1.079842736652662172e+00
1.079501688619161071e+00
1.079162779380861359e+00
1.078825991421050068e+00
1.078491307398770305e+00
1.078158710146742916e+00
1.077828182669320567e+00
1.077499708140469803e+00
1.077173269901775754e+00
1.076848851460479706e+00
1.076526436487538207e+00
1.076206008815709936e+00
1.075887552437670092e+00
1.075571051504145226e+00
1.075256490322078262e+00
1.074943853352814838e+00
1.074633125210313622e+00
1.074324290659381953e+00
1.074017334613934560e+00
1.073712242135273165e+00
1.073408998430392058e+00
1.073107588850304328e+00
1.072807998888389402e+00
1.072510214178763022e+00
1.072214220494669856e+00
1.071920003746895445e+00
1.071627549982198779e+00
1.071336845381767766e+00
1.071047876259690890e+00
1.070760629061452196e+00
1.070475090362445147e+00
1.070191246866504020e+00
1.069909085404456395e+00
1.069628592932692523e+00
1.069349756531755125e+00
1.069072563404945830e+00
1.068797000876949621e+00
1.068523056392479020e+00
1.068250717514931614e+00
1.067979971925069105e+00
1.067710807419710362e+00
1.067443211910442225e+00
1.067177173422347636e+00
1.066912680092746646e+00
1.066649720169958515e+00
1.066388282012074029e+00
1.066128354085748242e+00
1.065869924965004767e+00
1.065612983330057828e+00
1.065357517966145418e+00
1.065103517762383989e+00
1.064850971710629590e+00
1.064599868904357649e+00
1.064350198537557635e+00
1.064101949903638378e+00
1.063855112394348934e+00
1.063609675498713214e+00
1.063365628801975937e+00
1.063122961984565906e+00
1.062881664821064387e+00
1.062641727179195472e+00
1.062403139018823772e+00
1.062165890390962986e+00
1.061929971436800901e+00
1.061695372386734171e+00
1.061462083559415293e+00
1.061230095360810699e+00
1.060999398283271500e+00
1.060769982904614217e+00
1.060541839887214399e+00
1.060314959977110005e+00
1.060089334003116557e+00
1.059864952875951394e+00
1.059641807587371698e+00
1.059419889209318510e+00
1.059199188893076293e+00
1.058979697868437819e+00
1.058761407442882385e+00
1.058544309000763795e+00
1.058328394002503225e+00
1.058113653983800750e+00
1.057900080554848632e+00
1.057687665399555499e+00
1.057476400274784512e+00
1.057266277009592415e+00
1.057057287504487242e+00
1.056849423730685578e+00
1.056642677729385804e+00
1.056437041611045791e+00
1.056232507554671018e+00
1.056029067807110922e+00
1.055826714682360778e+00
1.055625440560879369e+00
1.055425237888902856e+00
1.055226099177779098e+00
1.055028017003301510e+00
1.054830984005053374e+00
1.054634992885759681e+00
1.054440036410648096e+00
1.054246107406814126e+00
1.054053198762595400e+00
1.053861303426956164e+00
1.053670414408871769e+00
1.053480524776727600e+00
1.053291627657721774e+00
1.053103716237272502e+00
1.052916783758438113e+00
1.052730823521337733e+00
1.052545828882581969e+00
1.052361793254710243e+00
1.052178710105632575e+00
1.051996572958079801e+00
1.051815375389058671e+00
1.051635111029313618e+00
1.051455773562796070e+00
1.051277356726136425e+00
1.051099854308125359e+00
1.050923260149200456e+00
1.050747568140936616e+00
1.050572772225543572e+00
1.050398866395371167e+00
1.050225844692414867e+00
1.050053701207833035e+00
1.049882430081466644e+00
1.049712025501360779e+00
1.049542481703301000e+00
1.049373792970343944e+00
1.049205953632362132e+00
1.049038958065587668e+00
1.048872800692165042e+00
1.048707475979705039e+00
1.048542978440849760e+00
1.048379302632834964e+00
1.048216443157062638e+00
1.048054394658676447e+00
1.047893151826142066e+00
1.047732709390831296e+00
1.047573062126613497e+00
1.047414204849447250e+00
1.047256132416980234e+00
1.047098839728153097e+00
1.046942321722803326e+00
1.046786573381281338e+00
1.046631589724062339e+00
1.046477365811369076e+00
1.046323896742794357e+00
1.046171177656930240e+00
1.046019203730999436e+00
1.045867970180493600e+00
1.045717472258810066e+00
1.045567705256899904e+00
1.045418664502913320e+00
1.045270345361851927e+00
1.045122743235225471e+00
1.044975853560708989e+00
1.044829671811807748e+00
1.044684193497522839e+00
1.044539414162021007e+00
1.044395329384309345e+00
1.044251934777911561e+00
1.044109225990548451e+00
1.043967198703823041e+00
1.043825848632905506e+00
1.043685171526227862e+00
1.043545163165173539e+00
1.043405819363777853e+00
1.043267135968426462e+00
1.043129108857560272e+00
1.042991733941381227e+00
1.042855007161562764e+00
1.042718924490962262e+00
1.042583481933336831e+00
1.042448675523062862e+00
1.042314501324857368e+00
1.042180955433502421e+00
1.042048033973573817e+00
1.041915733099169739e+00
1.041784048993646739e+00
1.041652977869352847e+00
1.041522515967368223e+00
1.041392659557246025e+00
1.041263404936757064e+00
1.041134748431636226e+00
1.041006686395332226e+00
1.040879215208758701e+00
1.040752331280050624e+00
1.040626031044319610e+00
1.040500310963415220e+00
1.040375167525685374e+00
1.040250597245742314e+00
1.040126596664229019e+00
1.040003162347588272e+00
1.039880290887834402e+00
1.039757978902328572e+00
1.039636223033553408e+00
1.039515019948891839e+00
1.039394366340409492e+00
1.039274258924636429e+00
1.039154694442352422e+00
1.039035669658374683e+00
1.038917181361348474e+00
1.038799226363536832e+00
1.038681801500616286e+00
1.038564903631471470e+00
1.038448529637993945e+00
1.038332676424882139e+00
1.038217340919442178e+00
1.038102520071394030e+00
1.037988210852675453e+00
1.037874410257250579e+00
1.037761115300920078e+00
1.037648323021133079e+00
1.037536030476799098e+00
1.037424234748105745e+00
1.037312932936334198e+00
1.037202122163679130e+00
1.037091799573069739e+00
1.036981962327991669e+00
1.036872607612311592e+00
1.036763732630104240e+00
1.036655334605478540e+00
1.036547410782409528e+00
1.036439958424566044e+00
1.036332974815147967e+00
1.036226457256717026e+00
1.036120403071034701e+00
1.036014809598899022e+00
1.035909674199985808e+00
1.035804994252686573e+00
1.035700767153953317e+00
1.035596990319141764e+00
1.035493661181856151e+00
1.035390777193797129e+00
1.035288335824609884e+00
1.035186334561734034e+00
1.035084770910254415e+00
1.034983642392755199e+00
1.034882946549172678e+00
1.034782680936652044e+00
1.034682843129403507e+00
1.034583430718561070e+00
1.034484441312042424e+00
1.034385872534409501e+00
1.034287722026731915e+00
1.034189987446448855e+00
1.034092666467236521e+00
1.033995756778871788e+00
1.033899256087102092e+00
1.033803162113513086e+00
1.033707472595398524e+00
1.033612185285632590e+00
1.033517297952541103e+00
1.033422808379776736e+00
1.033328714366192447e+00
1.033235013725718465e+00
1.033141704287239948e+00
1.033048783894473965e+00
1.032956250405850707e+00
1.032864101694393133e+00
1.032772335647598849e+00
1.032680950167323530e+00
1.032589943169664570e+00
1.032499312584846507e+00
1.032409056357106891e+00
1.032319172444582822e+00
1.032229658819201479e+00
1.032140513466566434e+00
1.032051734385850184e+00
1.031963319589685346e+00
1.031875267104055416e+00
1.031787574968190402e+00
1.031700241234458915e+00
1.031613263968265359e+00
1.031526641247944687e+00
1.031440371164661141e+00
1.031354451822305007e+00
1.031268881337393140e+00
1.031183657838967482e+00
1.031098779468496929e+00
1.031014244379779399e+00
1.030930050738844139e+00
1.030846196723855135e+00
1.030762680525016295e+00
1.030679500344476196e+00
1.030596654396235046e+00
1.030514140906051201e+00
1.030431958111348800e+00
1.030350104261127608e+00
1.030268577615872205e+00
1.030187376447461389e+00
1.030106499039081136e+00
1.030025943685134893e+00
1.029945708691157646e+00
1.029865792373729327e+00
1.029786193060388433e+00
1.029706909089548095e+00
1.029627938810411258e+00
1.029549280582888082e+00
1.029470932777512227e+00
1.029392893775360474e+00
1.029315161967970127e+00
1.029237735757259520e+00
1.029160613555448078e+00
1.029083793784977274e+00
1.029007274878432687e+00
1.028931055278465179e+00
1.028855133437716063e+00
1.028779507818738947e+00
1.028704176893924682e+00
1.028629139145427862e+00
1.028554393065090444e+00
1.028479937154369583e+00
1.028405769924264135e+00
1.028331889895242712e+00
1.028258295597171967e+00
1.028184985569244647e+00
1.028111958359911426e+00
1.028039212526807855e+00
1.027966746636688633e+00
1.027894559265356555e+00
1.027822648997595012e+00
1.027751014427101817e+00
1.027679654156421041e+00
1.027608566796877065e+00
1.027537750968509300e+00
1.027467205300007125e+00
1.027396928428644607e+00
1.027326919000217664e+00
1.027257175668979672e+00
1.027187697097579067e+00
1.027118481956996954e+00
1.027049528926485156e+00
1.026980836693504928e+00
1.026912403953667008e+00
1.026844229410670106e+00
1.026776311776242068e+00
1.026708649770080140e+00
1.026641242119793240e+00
1.026574087560842674e+00
1.026507184836484843e+00
1.026440532697714625e+00
1.026374129903207200e+00
1.026307975219263646e+00
1.026242067419753434e+00
1.026176405286060689e+00
1.026110987607028457e+00
1.026045813178904309e+00
1.025980880805286821e+00
1.025916189297072068e+00
1.025851737472400327e+00
1.025787524156604125e+00
1.025723548182155165e+00
1.025659808388614147e+00
1.025596303622577476e+00
1.025533032737628414e+00
1.025469994594286005e+00
1.025407188059954233e+00
1.025344612008873835e+00
1.025282265322072561e+00
1.025220146887315886e+00
1.025158255599059931e+00
1.025096590358402615e+00
1.025035150073036361e+00
1.024973933657201020e+00
1.024912940031636799e+00
1.024852168123538743e+00
1.024791616866510102e+00
1.024731285200516817e+00
1.024671172071841996e+00
1.024611276433041951e+00
1.024551597242901346e+00
1.024492133466388344e+00
1.024432884074611749e+00
1.024373848044777269e+00
1.024315024360145321e+00
1.024256412009986406e+00
1.024198009989540248e+00
1.024139817299974498e+00
1.024081832948340764e+00
1.024024055947535317e+00
1.023966485316257780e+00
1.023909120078969170e+00
1.023851959265853484e+00
1.023795001912776392e+00
1.023738247061245943e+00
1.023681693758373701e+00
1.023625341056834781e+00
1.023569188014829656e+00
1.023513233696046409e+00
1.023457477169621432e+00
1.023401917510102344e+00
1.023346553797410463e+00
1.023291385116803509e+00
1.023236410558838960e+00
1.023181629219336974e+00
1.023127040199344417e+00
1.023072642605099336e+00
1.023018435547994320e+00
1.022964418144541865e+00
1.022910589516338398e+00
1.022856948790030307e+00
1.022803495097279081e+00
1.022750227574726445e+00
1.022697145363961058e+00
1.022644247611484092e+00
1.022591533468676372e+00
1.022539002091764848e+00
1.022486652641789062e+00
1.022434484284569844e+00
1.022382496190675338e+00
1.022330687535389027e+00
1.022279057498679311e+00
1.022227605265165540e+00
1.022176330024088697e+00
1.022125230969278542e+00
1.022074307299122964e+00
1.022023558216538675e+00
1.021972982928938789e+00
1.021922580648203516e+00
1.021872350590650402e+00
1.021822291977004138e+00
1.021772404032366799e+00
1.021722685986189427e+00
1.021673137072241611e+00
1.021623756528583948e+00
1.021574543597538520e+00
1.021525497525661130e+00
1.021476617563712663e+00
1.021427902966630663e+00
1.021379352993503353e+00
1.021330966907539217e+00
1.021282743976043239e+00
1.021234683470385818e+00
1.021186784665979230e+00
1.021139046842249654e+00
1.021091469282609410e+00
1.021044051274432984e+00
1.020996792109029272e+00
1.020949691081616484e+00
1.020902747491295282e+00
1.020855960641025240e+00
1.020809329837597756e+00
1.020762854391611629e+00
1.020716533617447963e+00
1.020670366833246190e+00
1.020624353360878089e+00
1.020578492525924474e+00
1.020532783657651210e+00
1.020487226088983679e+00
1.020441819156485019e+00
1.020396562200330814e+00
1.020351454564286886e+00
1.020306495595684870e+00
1.020261684645399791e+00
1.020217021067827190e+00
1.020172504220859810e+00
1.020128133465865838e+00
1.020083908167665809e+00
1.020039827694510182e+00
1.019995891418057576e+00
1.019952098713353905e+00
1.019908448958808167e+00
1.019864941536173131e+00
1.019821575830522686e+00
1.019778351230230973e+00
1.019735267126951284e+00
1.019692322915594973e+00
1.019649517994310139e+00
1.019606851764462752e+00
1.019564323630613334e+00
1.019521933000499425e+00
1.019479679285013818e+00
1.019437561898183908e+00
1.019395580257154155e+00
1.019353733782163873e+00
1.019312021896528808e+00
1.019270444026621814e+00
1.019228999601852870e+00
1.019187688054649987e+00
1.019146508820440999e+00
1.019105461337633800e+00
1.019064545047597692e+00
1.019023759394644957e+00
1.018983103826012426e+00
1.018942577791842607e+00
1.018902180745166586e+00
1.018861912141884263e+00
1.018821771440748369e+00
1.018781758103344481e+00
1.018741871594075699e+00
1.018702111380142439e+00
1.018662476931527339e+00
1.018622967720976824e+00
1.018583583223983569e+00
1.018544322918770506e+00
1.018505186286272624e+00
1.018466172810121639e+00
1.018427281976627574e+00
1.018388513274763651e+00
1.018349866196149200e+00
1.018311340235032780e+00
1.018272934888277081e+00
1.018234649655342050e+00
1.018196484038269345e+00
1.018158437541665462e+00
1.018120509672687302e+00
1.018082699941025959e+00
1.018045007858890738e+00
1.018007432940994050e+00
1.017969974704536762e+00
1.017932632669191539e+00
1.017895406357089083e+00
1.017858295292802362e+00
1.017821299003332181e+00
1.017784417018091858e+00
1.017747648868892796e+00
1.017710994089930487e+00
1.017674452217768977e+00
1.017638022791326868e+00
1.017601705351863561e+00
1.017565499442964372e+00
1.017529404610527433e+00
1.017493420402748150e+00
1.017457546370106769e+00
1.017421782065353941e+00
1.017386127043496957e+00
1.017350580861786646e+00
1.017315143079703610e+00
1.017279813258944454e+00
1.017244590963408912e+00
1.017209475759186965e+00
1.017174467214544631e+00
1.017139564899912196e+00
1.017104768387870006e+00
1.017070077253137139e+00
1.017035491072557196e+00
1.017001009425086311e+00
1.016966631891780271e+00
1.016932358055782970e+00
1.016898187502312423e+00
1.016864119818649659e+00
1.016830154594126068e+00
1.016796291420111187e+00
1.016762529890000488e+00
1.016728869599203833e+00
1.016695310145133702e+00
1.016661851127192095e+00
1.016628492146760543e+00
1.016595232807186999e+00
1.016562072713775189e+00
1.016529011473772393e+00
1.016496048696359011e+00
1.016463183992635910e+00
1.016430416975613982e+00
1.016397747260203266e+00
1.016365174463200516e+00
1.016332698203279872e+00
1.016300318100980205e+00
1.016268033778695568e+00
1.016235844860663873e+00
1.016203750972955566e+00
1.016171751743463858e+00
1.016139846801894064e+00
1.016108035779752061e+00
1.016076318310334958e+00
1.016044694028720441e+00
1.016013162571755668e+00
1.015981723578048390e+00
1.015950376687955625e+00
1.015919121543573667e+00
1.015887957788728979e+00
1.015856885068967097e+00
1.015825903031543298e+00
1.015795011325412611e+00
1.015764209601219825e+00
1.015733497511290606e+00
1.015702874709620840e+00
1.015672340851867306e+00
1.015641895595338573e+00
1.015611538598985453e+00
1.015581269523391006e+00
1.015551088030761662e+00
1.015520993784918558e+00
1.015490986451286881e+00
1.015461065696888099e+00
1.015431231190329964e+00
1.015401482601797856e+00
1.015371819603046344e+00
1.015342241867388751e+00
1.015312749069690046e+00
1.015283340886357299e+00
1.015254016995330355e+00
1.015224777076074059e+00
1.015195620809569599e+00
1.015166547878305181e+00
1.015137557966268256e+00
1.015108650758936859e+00
1.015079825943270952e+00
1.015051083207704430e+00
1.015022422242136679e+00
1.014993842737924590e+00
1.014965344387873891e+00
1.014936926886231161e+00
1.014908589928676497e+00
1.014880333212314190e+00
1.014852156435665842e+00
1.014824059298662151e+00
1.014796041502634472e+00
1.014768102750308154e+00
1.014740242745793664e+00
1.014712461194579474e+00
1.014684757803524073e+00
1.014657132280848861e+00
1.014629584336129930e+00
1.014602113680291406e+00
1.014574720025596344e+00
1.014547403085642063e+00
1.014520162575349271e+00
1.014492998210958286e+00
1.014465909710019043e+00
1.014438896791385103e+00
1.014411959175206546e+00
1.014385096582921975e+00
1.014358308737252523e+00
1.014331595362194305e+00
1.014304956183010864e+00
1.014278390926227402e+00
1.014251899319622785e+00
1.014225481092222880e+00
1.014199135974294563e+00
1.014172863697337945e+00
1.014146663994079933e+00
1.014120536598467792e+00
1.014094481245662260e+00
1.014068497672030889e+00
1.014042585615141601e+00
1.014016744813756477e+00
1.013990975007824424e+00
1.013965275938475408e+00
1.013939647348013784e+00
1.013914088979912087e+00
1.013888600578805033e+00
1.013863181890482190e+00
1.013837832661882432e+00
1.013812552641088160e+00
1.013787341577318646e+00
1.013762199220923144e+00
1.013737125323376009e+00
1.013712119637270703e+00
1.013687181916312685e+00
1.013662311915314085e+00
1.013637509390187930e+00
1.013612774097941704e+00
1.013588105796672023e+00
1.013563504245558855e+00
1.013538969204858642e+00
1.013514500435900301e+00
1.013490097701077675e+00
1.013465760763845536e+00
1.013441489388712702e+00
1.013417283341236486e+00
1.013393142388018253e+00
1.013369066296696763e+00
1.013345054835942616e+00
1.013321107775453589e+00
1.013297224885948866e+00
1.013273405939162819e+00
1.013249650707841010e+00
1.013225958965733975e+00
1.013202330487591896e+00
1.013178765049159935e+00
1.013155262427172021e+00
1.013131822399346627e+00
1.013108444744380998e+00
1.013085129241945825e+00
1.013061875672681245e+00
1.013038683818190178e+00
1.013015553461034557e+00
1.012992484384729330e+00
1.012969476373738464e+00
1.012946529213468949e+00
1.012923642690266801e+00
1.012900816591411512e+00
1.012878050705111166e+00
1.012855344820497994e+00
1.012832698727623493e+00
1.012810112217453318e+00
1.012787585081863062e+00
1.012765117113632707e+00
1.012742708106442402e+00
1.012720357854868469e+00
1.012698066154377408e+00
1.012675832801322118e+00
1.012653657592937240e+00
1.012631540327334267e+00
1.012609480803497553e+00
1.012587478821279641e+00
1.012565534181395943e+00
1.012543646685421406e+00
1.012521816135785846e+00
1.012500042335769068e+00
1.012478325089496867e+00
1.012456664201936807e+00
1.012435059478893340e+00
1.012413510727004251e+00
1.012392017753735329e+00
1.012370580367377704e+00
1.012349198377042292e+00
1.012327871592655804e+00
1.012306599824956965e+00
1.012285382885492746e+00
1.012264220586612584e+00
1.012243112741466833e+00
1.012222059163999877e+00
1.012201059668948355e+00
1.012180114071836057e+00
1.012159222188969920e+00
1.012138383837436706e+00
1.012117598835097887e+00
1.012096867000587430e+00
1.012076188153306022e+00
1.012055562113418405e+00
1.012034988701849159e+00
1.012014467740278922e+00
1.011993999051140403e+00
1.011973582457615040e+00
1.011953217783628345e+00
1.011932904853847237e+00
1.011912643493675601e+00
1.011892433529250734e+00
1.011872274787439796e+00
1.011852167095836030e+00
1.011832110282754993e+00
1.011812104177231442e+00
1.011792148609015340e+00
1.011772243408567862e+00
1.011752388407058723e+00
1.011732583436362409e+00
1.011712828329054181e+00
1.011693122918406518e+00
1.011673467038386898e+00
1.011653860523652915e+00
1.011634303209549168e+00
1.011614794932104600e+00
1.011595335528028050e+00
1.011575924834706042e+00
1.011556562690197891e+00
1.011537248933234379e+00
1.011517983403211973e+00
1.011498765940192168e+00
1.011479596384896151e+00
1.011460474578702362e+00
1.011441400363643384e+00
1.011422373582402390e+00
1.011403394078310480e+00
1.011384461695342241e+00
1.011365576278114409e+00
1.011346737671880769e+00
1.011327945722530819e+00
1.011309200276585774e+00
1.011290501181194568e+00
1.011271848284132968e+00
1.011253241433798689e+00
1.011234680479208725e+00
1.011216165269996914e+00
1.011197695656410600e+00
1.011179271489307308e+00
1.011160892620152074e+00
1.011142558901014787e+00
1.011124270184566631e+00
1.011106026324077423e+00
1.011087827173413167e+00
1.011069672587032287e+00
1.011051562419983174e+00
1.011033496527901976e+00
1.011015474767008149e+00
1.010997496994103351e+00
1.010979563066567888e+00
1.010961672842357606e+00
1.010943826180001448e+00
1.010926022938598567e+00
1.010908262977816330e+00
1.010890546157886316e+00
1.010872872339602102e+00
1.010855241384317482e+00
1.010837653153942028e+00
1.010820107510939758e+00
1.010802604318326248e+00
1.010785143439665745e+00
1.010767724739068507e+00
1.010750348081188354e+00
1.010733013331219787e+00
1.010715720354895986e+00
1.010698469018485923e+00
1.010681259188791259e+00
1.010664090733144782e+00
1.010646963519407082e+00
1.010629877415964994e+00
1.010612832291727381e+00
1.010595828016124909e+00
1.010578864459105608e+00
1.010561941491133542e+00
1.010545058983185696e+00
1.010528216806750423e+00
1.010511414833823896e+00
1.010494652936908766e+00
1.010477930989010842e+00
1.010461248863637751e+00
1.010444606434795389e+00
1.010428003576986367e+00
1.010411440165207564e+00
1.010394916074947913e+00
1.010378431182185066e+00
1.010361985363384729e+00
1.010345578495497110e+00
1.010329210455955584e+00
1.010312881122673145e+00
1.010296590374041514e+00
1.010280338088928032e+00
1.010264124146674103e+00
1.010247948427092091e+00
1.010231810810463982e+00
1.010215711177538722e+00
1.010199649409530220e+00
1.010183625388114681e+00
1.010167638995429717e+00
1.010151690114070577e+00
1.010135778627089254e+00
1.010119904417991599e+00
1.010104067370735770e+00
1.010088267369730008e+00
1.010072504299829976e+00
1.010056778046337422e+00
1.010041088494997963e+00
1.010025435531998639e+00
1.010009819043966584e+00
1.009994238917965692e+00
1.009978695041496399e+00
1.009963187302492127e+00
1.009947715589317951e+00
1.009932279790768828e+00
1.009916879796067146e+00
1.009901515494861179e+00
1.009886186777222195e+00
1.009870893533644010e+00
1.009855635655039885e+00
1.009840413032740969e+00
1.009825225558494743e+00
1.009810073124462360e+00
1.009794955623217083e+00
1.009779872947742962e+00
1.009764824991431942e+00
1.009749811648082751e+00
1.009734832811899130e+00
1.009719888377486940e+00
1.009704978239853945e+00
1.009690102294406255e+00
1.009675260436948108e+00
1.009660452563678978e+00
1.009645678571192029e+00
1.009630938356472329e+00
1.009616231816895526e+00
1.009601558850225844e+00
1.009586919354613421e+00
1.009572313228594087e+00
1.009557740371086476e+00
1.009543200681391140e+00
1.009528694059187659e+00
1.009514220404534424e+00
1.009499779617865522e+00
1.009485371599990078e+00
1.009470996252090247e+00
1.009456653475718779e+00
1.009442343172798795e+00
1.009428065245621120e+00
1.009413819596842732e+00
1.009399606129485427e+00
1.009385424746933824e+00
1.009371275352934250e+00
1.009357157851592302e+00
1.009343072147372622e+00
1.009329018145095347e+00
1.009314995749936106e+00
1.009301004867424467e+00
1.009287045403440608e+00
1.009273117264216202e+00
1.009259220356330644e+00
1.009245354586710830e+00
1.009231519862629600e+00
1.009217716091703299e+00
1.009203943181891105e+00
1.009190201041493040e+00
1.009176489579149072e+00
1.009162808703836678e+00
1.009149158324869733e+00
1.009135538351897621e+00
1.009121948694903237e+00
1.009108389264200989e+00
1.009094859970436575e+00
1.009081360724584098e+00
1.009067891437946285e+00
1.009054452022151160e+00
1.009041042389152043e+00
1.009027662451225549e+00
1.009014312120970480e+00
1.009000991311305828e+00
1.008987699935469884e+00
1.008974437907018906e+00
1.008961205139824902e+00
1.008948001548075624e+00
1.008934827046271909e+00
1.008921681549226568e+00
1.008908564972064159e+00
1.008895477230217885e+00
1.008882418239429368e+00
1.008869387915747318e+00
1.008856386175525532e+00
1.008843412935422235e+00
1.008830468112398071e+00
1.008817551623715447e+00
1.008804663386937195e+00
1.008791803319924574e+00
1.008778971340836828e+00
1.008766167368129185e+00
1.008753391320551973e+00
1.008740643117149283e+00
1.008727922677257860e+00
1.008715229920505552e+00
1.008702564766809973e+00
1.008689927136377396e+00
1.008677316949701863e+00
1.008664734127563634e+00
1.008652178591027626e+00
1.008639650261442533e+00
1.008627149060439931e+00
1.008614674909932507e+00
1.008602227732112944e+00
1.008589807449453035e+00
1.008577413984702131e+00
1.008565047260886249e+00
1.008552707201306520e+00
1.008540393729538520e+00
1.008528106769430721e+00
1.008515846245103154e+00
1.008503612080946743e+00
1.008491404201622199e+00
1.008479222532058017e+00
1.008467066997450035e+00
1.008454937523260764e+00
1.008442834035216729e+00
1.008430756459309130e+00
1.008418704721791181e+00
1.008406678749178109e+00
1.008394678468245376e+00
1.008382703806027791e+00
1.008370754689818849e+00
1.008358831047168502e+00
1.008346932805883389e+00
1.008335059894025054e+00
1.008323212239908839e+00
1.008311389772102551e+00
1.008299592419426460e+00
1.008287820110951305e+00
1.008276072775997401e+00
1.008264350344133531e+00
1.008252652745176503e+00
1.008240979909189150e+00
1.008229331766480108e+00
1.008217708247602484e+00
1.008206109283352747e+00
1.008194534804769393e+00
1.008182984743133170e+00
1.008171459029964190e+00
1.008159957597023038e+00
1.008148480376307443e+00
1.008137027300053612e+00
1.008125598300733561e+00
1.008114193311054896e+00
1.008102812263959480e+00
1.008091455092622768e+00
1.008080121730452694e+00
1.008068812111088564e+00
1.008057526168400386e+00
1.008046263836487544e+00
1.008035025049678346e+00
1.008023809742528476e+00
1.008012617849820325e+00
1.008001449306562325e+00
1.007990304047987840e+00
1.007979182009553831e+00
1.007968083126940417e+00
1.007957007336049982e+00
1.007945954573005620e+00
1.007934924774151142e+00
1.007923917876049291e+00
1.007912933815481527e+00
1.007901972529446910e+00
1.007891033955160776e+00
1.007880118030054728e+00
1.007869224691774646e+00
1.007858353878180679e+00
1.007847505527346366e+00
1.007836679577556849e+00
1.007825875967308882e+00
1.007815094635310160e+00
1.007804335520477323e+00
1.007793598561936177e+00
1.007782883699020360e+00
1.007772190871270457e+00
1.007761520018433332e+00
1.007750871080461463e+00
1.007740243997511609e+00
1.007729638709944142e+00
1.007719055158322385e+00
1.007708493283412166e+00
1.007697953026179594e+00
1.007687434327792397e+00
1.007676937129616812e+00
1.007666461373218247e+00
1.007656007000360621e+00
1.007645573953004137e+00
1.007635162173305732e+00
1.007624771603618408e+00
1.007614402186489011e+00
1.007604053864659122e+00
1.007593726581063498e+00
1.007583420278828967e+00
1.007573134901274425e+00
1.007562870391909060e+00
1.007552626694433018e+00
1.007542403752734961e+00
1.007532201510892733e+00
1.007522019913171807e+00
1.007511858904024615e+00
1.007501718428090332e+00
1.007491598430192870e+00
1.007481498855341995e+00
1.007471419648730881e+00
1.007461360755736335e+00
1.007451322121917681e+00
1.007441303693016099e+00
1.007431305414954181e+00
1.007421327233834596e+00
1.007411369095940090e+00
1.007401430947731935e+00
1.007391512735850148e+00
1.007381614407112380e+00
1.007371735908512589e+00
1.007361877187221477e+00
1.007352038190584720e+00
1.007342218866123407e+00
1.007332419161531822e+00
1.007322639024678557e+00
1.007312878403604284e+00
1.007303137246521985e+00
1.007293415501815392e+00
1.007283713118040103e+00
1.007274030043920243e+00
1.007264366228350028e+00
1.007254721620392646e+00
1.007245096169278487e+00
1.007235489824405361e+00
1.007225902535338280e+00
1.007216334251807899e+00
1.007206784923710075e+00
1.007197254501105421e+00
1.007187742934218644e+00
1.007178250173437872e+00
1.007168776169313995e+00
1.007159320872559993e+00
1.007149884234050052e+00
1.007140466204819784e+00
1.007131066736064229e+00
1.007121685779138742e+00
1.007112323285557443e+00
1.007102979206992321e+00
1.007093653495273688e+00
1.007084346102388395e+00
1.007075056980480499e+00
1.007065786081849268e+00
1.007056533358949624e+00
1.007047298764391030e+00
1.007038082250936828e+00
1.007028883771504235e+00
1.007019703279163014e+00
1.007010540727135028e+00
1.007001396068794463e+00
1.006992269257666273e+00
1.006983160247425291e+00
1.006974068991897342e+00
1.006964995445057021e+00
1.006955939561027691e+00
1.006946901294080821e+00
1.006937880598635981e+00
1.006928877429259073e+00
1.006919891740662987e+00
1.006910923487706500e+00
1.006901972625393382e+00
1.006893039108872845e+00
1.006884122893437317e+00
1.006875223934524222e+00
1.006866342187712648e+00
1.006857477608725571e+00
1.006848630153427182e+00
1.006839799777823341e+00
1.006830986438061126e+00
1.006822190090427283e+00
1.006813410691349553e+00
1.006804648197393792e+00
1.006795902565265521e+00
1.006787173751808151e+00
1.006778461714002981e+00
1.006769766408968092e+00
1.006761087793958787e+00
1.006752425826366260e+00
1.006743780463717597e+00
1.006735151663674444e+00
1.006726539384033448e+00
1.006717943582725594e+00
1.006709364217814873e+00
1.006700801247498944e+00
1.006692254630107586e+00
1.006683724324102691e+00
1.006675210288078048e+00
1.006666712480758008e+00
1.006658230860998149e+00
1.006649765387783502e+00
1.006641316020229215e+00
1.006632882717578781e+00
1.006624465439205141e+00
1.006616064144609135e+00
1.006607678793418836e+00
1.006599309345389548e+00
1.006590955760404027e+00
1.006582617998470042e+00
1.006574296019722148e+00
1.006565989784419468e+00
1.006557699252946136e+00
1.006549424385810632e+00
1.006541165143645333e+00
1.006532921487205634e+00
1.006524693377370383e+00
1.006516480775140554e+00
1.006508283641639023e+00
1.006500101938110570e+00
1.006491935625920542e+00
1.006483784666555747e+00
1.006475649021622010e+00
1.006467528652845944e+00
1.006459423522072960e+00
1.006451333591267483e+00
1.006443258822511844e+00
1.006435199178007167e+00
1.006427154620071374e+00
1.006419125111139845e+00
1.006411110613764537e+00
1.006403111090613534e+00
1.006395126504470383e+00
1.006387156818234985e+00
1.006379201994920924e+00
1.006371261997657252e+00
1.006363336789686480e+00
