0.000000000000000000e+00
1.590000000000000024e-01
3.180000000000000049e-01
4.769999999999999796e-01
6.360000000000000098e-01
7.950000000000000400e-01
9.539999999999999591e-01
1.112999999999999989e+00
1.272000000000000020e+00
1.431000000000000050e+00
1.590000000000000080e+00
1.749000000000000110e+00
1.907999999999999918e+00
2.067000000000000171e+00
2.225999999999999979e+00
2.385000000000000231e+00
2.544000000000000039e+00
2.702999999999999847e+00
2.862000000000000099e+00
3.020999999999999908e+00
3.180000000000000160e+00
3.338999999999999968e+00
3.498000000000000220e+00
3.657000000000000028e+00
3.815999999999999837e+00
3.975000000000000089e+00
4.134000000000000341e+00
4.293000000000000149e+00
4.451999999999999957e+00
4.610999999999999766e+00
4.770000000000000462e+00
4.929000000000000270e+00
5.088000000000000078e+00
5.246999999999999886e+00
5.405999999999999694e+00
5.565000000000000391e+00
5.724000000000000199e+00
5.883000000000000007e+00
6.041999999999999815e+00
6.201000000000000512e+00
6.360000000000000320e+00
6.519000000000000128e+00
6.677999999999999936e+00
6.836999999999999744e+00
6.996000000000000441e+00
7.155000000000000249e+00
7.314000000000000057e+00
7.472999999999999865e+00
7.631999999999999673e+00
7.791000000000000369e+00
7.950000000000000178e+00
8.108999999999999986e+00
8.268000000000000682e+00
8.426999999999999602e+00
8.586000000000000298e+00
8.745000000000000995e+00
8.903999999999999915e+00
9.063000000000000611e+00
9.221999999999999531e+00
9.381000000000000227e+00
9.540000000000000924e+00
9.698999999999999844e+00
9.858000000000000540e+00
1.001699999999999946e+01
1.017600000000000016e+01
1.033500000000000085e+01
1.049399999999999977e+01
1.065300000000000047e+01
1.081199999999999939e+01
1.097100000000000009e+01
1.113000000000000078e+01
1.128899999999999970e+01
1.144800000000000040e+01
1.160699999999999932e+01
1.176600000000000001e+01
1.192500000000000071e+01
1.208399999999999963e+01
1.224300000000000033e+01
1.240200000000000102e+01
1.256099999999999994e+01
1.272000000000000064e+01
1.287899999999999956e+01
1.303800000000000026e+01
1.319700000000000095e+01
1.335599999999999987e+01
1.351500000000000057e+01
1.367399999999999949e+01
1.383300000000000018e+01
1.399200000000000088e+01
1.415099999999999980e+01
1.431000000000000050e+01
1.446899999999999942e+01
1.462800000000000011e+01
1.478700000000000081e+01
1.494599999999999973e+01
1.510500000000000043e+01
1.526399999999999935e+01
1.542300000000000004e+01
1.558200000000000074e+01
1.574099999999999966e+01
1.590000000000000036e+01
1.605900000000000105e+01
1.621799999999999997e+01
1.637699999999999889e+01
1.653600000000000136e+01
1.669500000000000028e+01
1.685399999999999920e+01
1.701300000000000168e+01
1.717200000000000060e+01
1.733099999999999952e+01
1.749000000000000199e+01
1.764900000000000091e+01
1.780799999999999983e+01
1.796699999999999875e+01
1.812600000000000122e+01
1.828500000000000014e+01
1.844399999999999906e+01
1.860300000000000153e+01
1.876200000000000045e+01
1.892099999999999937e+01
1.908000000000000185e+01
1.923900000000000077e+01
1.939799999999999969e+01
1.955699999999999861e+01
1.971600000000000108e+01
1.987500000000000000e+01
2.003399999999999892e+01
2.019300000000000139e+01
2.035200000000000031e+01
2.051099999999999923e+01
2.067000000000000171e+01
2.082900000000000063e+01
2.098799999999999955e+01
2.114700000000000202e+01
2.130600000000000094e+01
2.146499999999999986e+01
2.162399999999999878e+01
2.178300000000000125e+01
2.194200000000000017e+01
2.210099999999999909e+01
2.226000000000000156e+01
2.241900000000000048e+01
2.257799999999999940e+01
2.273700000000000188e+01
2.289600000000000080e+01
2.305499999999999972e+01
2.321399999999999864e+01
2.337300000000000111e+01
2.353200000000000003e+01
2.369099999999999895e+01
2.385000000000000142e+01
2.400900000000000034e+01
2.416799999999999926e+01
2.432700000000000173e+01
2.448600000000000065e+01
2.464499999999999957e+01
2.480400000000000205e+01
2.496300000000000097e+01
2.512199999999999989e+01
2.528099999999999881e+01
2.544000000000000128e+01
2.559900000000000020e+01
2.575799999999999912e+01
2.591700000000000159e+01
2.607600000000000051e+01
2.623499999999999943e+01
2.639400000000000190e+01
2.655300000000000082e+01
2.671199999999999974e+01
2.687099999999999866e+01
2.703000000000000114e+01
2.718900000000000006e+01
2.734799999999999898e+01
2.750700000000000145e+01
2.766600000000000037e+01
2.782499999999999929e+01
2.798400000000000176e+01
2.814300000000000068e+01
2.830199999999999960e+01
2.846100000000000207e+01
2.862000000000000099e+01
2.877899999999999991e+01
2.893799999999999883e+01
2.909700000000000131e+01
2.925600000000000023e+01
2.941499999999999915e+01
2.957400000000000162e+01
2.973300000000000054e+01
2.989199999999999946e+01
3.005100000000000193e+01
3.021000000000000085e+01
3.036899999999999977e+01
3.052799999999999869e+01
3.068700000000000117e+01
3.084600000000000009e+01
3.100499999999999901e+01
3.116400000000000148e+01
3.132300000000000040e+01
3.148199999999999932e+01
3.164100000000000179e+01
3.180000000000000071e+01
3.195899999999999963e+01
3.211800000000000210e+01
3.227700000000000102e+01
3.243599999999999994e+01
3.259499999999999886e+01
3.275399999999999778e+01
3.291300000000000381e+01
3.307200000000000273e+01
3.323100000000000165e+01
3.339000000000000057e+01
3.354899999999999949e+01
3.370799999999999841e+01
3.386699999999999733e+01
3.402600000000000335e+01
3.418500000000000227e+01
3.434400000000000119e+01
3.450300000000000011e+01
3.466199999999999903e+01
3.482099999999999795e+01
3.498000000000000398e+01
3.513900000000000290e+01
3.529800000000000182e+01
3.545700000000000074e+01
3.561599999999999966e+01
3.577499999999999858e+01
3.593399999999999750e+01
3.609300000000000352e+01
3.625200000000000244e+01
3.641100000000000136e+01
3.657000000000000028e+01
3.672899999999999920e+01
3.688799999999999812e+01
3.704699999999999704e+01
3.720600000000000307e+01
3.736500000000000199e+01
3.752400000000000091e+01
3.768299999999999983e+01
3.784199999999999875e+01
3.800099999999999767e+01
3.816000000000000369e+01
3.831900000000000261e+01
3.847800000000000153e+01
3.863700000000000045e+01
3.879599999999999937e+01
3.895499999999999829e+01
3.911399999999999721e+01
3.927300000000000324e+01
3.943200000000000216e+01
3.959100000000000108e+01
3.975000000000000000e+01
3.990899999999999892e+01
4.006799999999999784e+01
4.022700000000000387e+01
4.038600000000000279e+01
4.054500000000000171e+01
4.070400000000000063e+01
4.086299999999999955e+01
4.102199999999999847e+01
4.118099999999999739e+01
4.134000000000000341e+01
4.149900000000000233e+01
4.165800000000000125e+01
4.181700000000000017e+01
4.197599999999999909e+01
4.213499999999999801e+01
4.229400000000000404e+01
4.245300000000000296e+01
4.261200000000000188e+01
4.277100000000000080e+01
4.292999999999999972e+01
4.308899999999999864e+01
4.324799999999999756e+01
4.340700000000000358e+01
4.356600000000000250e+01
4.372500000000000142e+01
4.388400000000000034e+01
4.404299999999999926e+01
4.420199999999999818e+01
4.436100000000000421e+01
4.452000000000000313e+01
4.467900000000000205e+01
4.483800000000000097e+01
4.499699999999999989e+01
4.515599999999999881e+01
4.531499999999999773e+01
4.547400000000000375e+01
4.563300000000000267e+01
4.579200000000000159e+01
4.595100000000000051e+01
4.610999999999999943e+01
4.626899999999999835e+01
4.642799999999999727e+01
4.658700000000000330e+01
4.674600000000000222e+01
4.690500000000000114e+01
4.706400000000000006e+01
4.722299999999999898e+01
4.738199999999999790e+01
4.754100000000000392e+01
4.770000000000000284e+01
4.785900000000000176e+01
4.801800000000000068e+01
4.817699999999999960e+01
4.833599999999999852e+01
4.849499999999999744e+01
4.865400000000000347e+01
4.881300000000000239e+01
4.897200000000000131e+01
4.913100000000000023e+01
4.928999999999999915e+01
4.944899999999999807e+01
4.960800000000000409e+01
4.976700000000000301e+01
4.992600000000000193e+01
5.008500000000000085e+01
5.024399999999999977e+01
5.040299999999999869e+01
5.056199999999999761e+01
5.072100000000000364e+01
5.088000000000000256e+01
5.103900000000000148e+01
5.119800000000000040e+01
5.135699999999999932e+01
5.151599999999999824e+01
5.167500000000000426e+01
5.183400000000000318e+01
5.199300000000000210e+01
5.215200000000000102e+01
5.231099999999999994e+01
5.246999999999999886e+01
5.262899999999999778e+01
5.278800000000000381e+01
5.294700000000000273e+01
5.310600000000000165e+01
5.326500000000000057e+01
5.342399999999999949e+01
5.358299999999999841e+01
5.374199999999999733e+01
5.390100000000000335e+01
5.406000000000000227e+01
5.421900000000000119e+01
5.437800000000000011e+01
5.453699999999999903e+01
5.469599999999999795e+01
5.485500000000000398e+01
5.501400000000000290e+01
5.517300000000000182e+01
5.533200000000000074e+01
5.549099999999999966e+01
5.564999999999999858e+01
5.580899999999999750e+01
5.596800000000000352e+01
5.612700000000000244e+01
5.628600000000000136e+01
5.644500000000000028e+01
5.660399999999999920e+01
5.676299999999999812e+01
5.692200000000000415e+01
5.708100000000000307e+01
5.724000000000000199e+01
5.739900000000000091e+01
5.755799999999999983e+01
5.771699999999999875e+01
5.787599999999999767e+01
5.803500000000000369e+01
5.819400000000000261e+01
5.835300000000000153e+01
5.851200000000000045e+01
5.867099999999999937e+01
5.882999999999999829e+01
5.898900000000000432e+01
5.914800000000000324e+01
5.930700000000000216e+01
5.946600000000000108e+01
5.962500000000000000e+01
5.978399999999999892e+01
5.994299999999999784e+01
6.010200000000000387e+01
6.026100000000000279e+01
6.042000000000000171e+01
6.057900000000000063e+01
6.073799999999999955e+01
6.089699999999999847e+01
6.105599999999999739e+01
6.121500000000000341e+01
6.137400000000000233e+01
6.153300000000000125e+01
6.169200000000000017e+01
6.185099999999999909e+01
6.200999999999999801e+01
6.216900000000000404e+01
6.232800000000000296e+01
6.248700000000000188e+01
6.264600000000000080e+01
6.280499999999999972e+01
6.296399999999999864e+01
6.312299999999999756e+01
6.328200000000000358e+01
6.344100000000000250e+01
6.360000000000000142e+01
6.375900000000000034e+01
6.391799999999999926e+01
6.407699999999999818e+01
6.423600000000000421e+01
6.439499999999999602e+01
6.455400000000000205e+01
6.471300000000000807e+01
6.487199999999999989e+01
6.503100000000000591e+01
6.518999999999999773e+01
6.534900000000000375e+01
6.550799999999999557e+01
6.566700000000000159e+01
6.582600000000000762e+01
6.598499999999999943e+01
6.614400000000000546e+01
6.630299999999999727e+01
6.646200000000000330e+01
6.662099999999999511e+01
6.678000000000000114e+01
6.693900000000000716e+01
6.709799999999999898e+01
6.725700000000000500e+01
6.741599999999999682e+01
6.757500000000000284e+01
6.773399999999999466e+01
6.789300000000000068e+01
6.805200000000000671e+01
6.821099999999999852e+01
6.837000000000000455e+01
6.852899999999999636e+01
6.868800000000000239e+01
6.884699999999999420e+01
6.900600000000000023e+01
6.916500000000000625e+01
6.932399999999999807e+01
6.948300000000000409e+01
6.964199999999999591e+01
6.980100000000000193e+01
6.996000000000000796e+01
7.011899999999999977e+01
7.027800000000000580e+01
7.043699999999999761e+01
7.059600000000000364e+01
7.075499999999999545e+01
7.091400000000000148e+01
7.107300000000000750e+01
7.123199999999999932e+01
7.139100000000000534e+01
7.154999999999999716e+01
7.170900000000000318e+01
7.186799999999999500e+01
7.202700000000000102e+01
7.218600000000000705e+01
7.234499999999999886e+01
7.250400000000000489e+01
7.266299999999999670e+01
7.282200000000000273e+01
7.298099999999999454e+01
7.314000000000000057e+01
7.329900000000000659e+01
7.345799999999999841e+01
7.361700000000000443e+01
7.377599999999999625e+01
7.393500000000000227e+01
7.409399999999999409e+01
7.425300000000000011e+01
7.441200000000000614e+01
7.457099999999999795e+01
7.473000000000000398e+01
7.488899999999999579e+01
7.504800000000000182e+01
7.520700000000000784e+01
7.536599999999999966e+01
7.552500000000000568e+01
7.568399999999999750e+01
7.584300000000000352e+01
7.600199999999999534e+01
7.616100000000000136e+01
7.632000000000000739e+01
7.647899999999999920e+01
7.663800000000000523e+01
7.679699999999999704e+01
7.695600000000000307e+01
7.711499999999999488e+01
7.727400000000000091e+01
7.743300000000000693e+01
7.759199999999999875e+01
7.775100000000000477e+01
7.790999999999999659e+01
7.806900000000000261e+01
7.822799999999999443e+01
7.838700000000000045e+01
7.854600000000000648e+01
7.870499999999999829e+01
7.886400000000000432e+01
7.902299999999999613e+01
7.918200000000000216e+01
7.934100000000000819e+01
