1.000000000000000062e-09
2.000000000000000125e-09
3.000000000000000394e-09
4.000000000000000249e-09
5.000000000000000105e-09
5.999999999999999960e-09
7.000000000000000643e-09
8.000000000000000498e-09
9.000000000000001181e-09
1.000000000000000186e-08
1.100000000000000089e-08
1.200000000000000157e-08
1.300000000000000226e-08
1.400000000000000129e-08
1.500000000000000197e-08
1.600000000000000100e-08
1.700000000000000002e-08
1.799999999999999905e-08
1.900000000000000139e-08
2.000000000000000042e-08
2.099999999999999945e-08
2.200000000000000178e-08
2.300000000000000081e-08
2.399999999999999984e-08
2.500000000000000218e-08
2.600000000000000121e-08
2.700000000000000023e-08
2.799999999999999926e-08
2.900000000000000160e-08
3.000000000000000394e-08
3.100000000000000627e-08
3.200000000000000199e-08
3.300000000000000433e-08
3.400000000000000667e-08
3.500000000000000239e-08
3.600000000000000472e-08
3.700000000000000706e-08
3.800000000000000278e-08
3.900000000000000512e-08
4.000000000000000745e-08
4.100000000000000317e-08
4.200000000000000551e-08
4.300000000000000785e-08
4.400000000000000357e-08
4.500000000000000590e-08
4.600000000000000824e-08
4.700000000000000396e-08
4.800000000000000630e-08
4.900000000000000864e-08
5.000000000000000435e-08
5.100000000000000669e-08
5.200000000000000241e-08
5.300000000000000475e-08
5.400000000000000709e-08
5.500000000000000281e-08
5.600000000000000514e-08
5.700000000000000748e-08
5.800000000000000320e-08
5.900000000000000554e-08
6.000000000000000787e-08
6.100000000000000359e-08
6.199999999999999931e-08
6.299999999999999503e-08
6.400000000000000399e-08
6.499999999999999971e-08
6.599999999999999543e-08
6.700000000000000438e-08
6.800000000000000010e-08
6.899999999999999582e-08
7.000000000000000477e-08
7.100000000000000049e-08
7.199999999999999621e-08
7.300000000000000517e-08
7.400000000000000089e-08
7.499999999999999661e-08
7.600000000000000556e-08
7.700000000000000128e-08
7.799999999999999700e-08
7.900000000000000595e-08
8.000000000000000167e-08
8.099999999999999739e-08
8.200000000000000635e-08
8.300000000000000207e-08
8.399999999999999779e-08
8.500000000000000674e-08
8.600000000000000246e-08
8.699999999999999818e-08
8.800000000000000714e-08
8.900000000000000285e-08
8.999999999999999857e-08
9.100000000000000753e-08
9.200000000000000325e-08
9.299999999999999897e-08
9.400000000000000792e-08
9.500000000000000364e-08
9.599999999999999936e-08
9.700000000000000832e-08
9.800000000000000404e-08
9.899999999999999976e-08
