.01	0
.02	0
.03	0
.04	327.83
.05	209.81
.06	143.16
.07	101.57
.08	73.859
.09	54.533
.1	40.643
.11	30.455
.12	22.888
.13	17.226
.14	12.974
.15	9.7798
.16	7.3813
.17	5.5842
.18	4.2408
.19	3.2386
.2	2.4917
.21	1.9351
.22	1.5197
.23	1.2084
.24	.97377
.25	.79551
.26	.65871
.27	.55251
.28	.469
.29	.40246
.3	.34873
.31	.30478
.32	.2684
.33	.23796
.34	.21222
.35	.19029
.36	.17144
.37	.15513
.38	.14093
.39	.1285
.4	.11756
.41	.10789
.42	.099313
.43	.091664
.44	.084822
.45	.078681
.46	.073152
.47	.068158
.48	.063634
.49	.059526
.5	.055785
.51	.052371
.52	.049247
.53	.046382
.54	.04375
.55	.041327
.56	.039091
.57	.037024
.58	.035111
.59	.033337
.6	.031689
.61	.030155
.62	.028727
.63	.027393
.64	.026148
.65	.024982
.66	.02389
.67	.022866
.68	.021904
.69	.020999
.7	.020148
.71	.019346
.72	.01859
.73	.017875
.74	.0172
.75	.016562
.76	.015958
.77	.015385
.78	.014842
.79	.014327
.8	.013838
.81	.013372
.82	.01293
.83	.012509
.84	.012108
.85	.011725
.86	.011361
.87	.011013
.88	.010681
.89	.010363
.9	.01006
.91	.0097706
.92	.0094931
.93	.0092275
.94	.0089733
.95	.0087297
.96	.008496
.97	.0082721
.98	.0080573
.99	.0078511
1	.0076534
1.01	.0074634
1.02	.0072808
1.03	.0071055
1.04	.006937
1.05	.0067749
1.06	.0066192
1.07	.0064692
1.08	.0063252
1.09	.0061864
1.1	.0060529
1.11	.0059244
1.12	.0058009
1.13	.0056819
1.14	.0055677
1.15	.0054586
1.16	.0053548
1.17	.0052571
1.18	.0051674
1.19	.0050885
1.2	.0050261
1.21	.0049889
1.22	.0049905
1.23	.0050537
1.24	.0052125
1.25	.0055174
1.26	.0060429
1.27	.0068941
1.28	.0082159
1.29	.010203
1.3	.013111
1.31	.017261
1.32	.023046
1.33	.030934
1.34	.041452
1.35	.055173
1.36	.072688
1.37	.094561
1.38	.12127
1.39	.15319
1.4	.19046
1.41	.23298
1.42	.28037
1.43	.3319
1.44	.38654
1.45	.44296
1.46	.49958
1.47	.55469
1.48	.60654
1.49	.65346
1.5	.69395
1.51	.72683
1.52	.75128
1.53	.76689
1.54	.77365
1.55	.77198
1.56	.7626
1.57	.74652
1.58	.72488
1.59	.69894
1.6	.6699
1.61	.63893
1.62	.60704
1.63	.57509
1.64	.54375
1.65	.51353
1.66	.48477
1.67	.45769
1.68	.43238
1.69	.40884
1.7	.38704
1.71	.36687
1.72	.34823
1.73	.33099
1.74	.31502
1.75	.3002
1.76	.28643
1.77	.2736
1.78	.26162
1.79	.25042
1.8	.23992
1.81	.23006
1.82	.22081
1.83	.21212
1.84	.20399
1.85	.19641
1.86	.18943
1.87	.18313
1.88	.17765
1.89	.17325
1.9	.17031
1.91	.1694
1.92	.17133
1.93	.17722
1.94	.18862
1.95	.20753
1.96	.2365
1.97	.27867
1.98	.33777
1.99	.41807
2	.52421
2.01	.66102
2.02	.83317
2.03	1.0447
2.04	1.2987
2.05	1.5966
2.06	1.9379
2.07	2.3194
2.08	2.7354
2.09	3.1774
2.1	3.6345
2.11	4.0937
2.12	4.5407
2.13	4.9608
2.14	5.3401
2.15	5.666
2.16	5.9289
2.17	6.122
2.18	6.2422
2.19	6.2901
2.2	6.2697
2.21	6.1877
2.22	6.0531
2.23	5.8761
2.24	5.6675
2.25	5.4376
2.26	5.1959
2.27	4.9507
2.28	4.7085
2.29	4.4744
2.3	4.2518
2.31	4.0428
2.32	3.8483
2.33	3.6686
2.34	3.5032
2.35	3.3513
2.36	3.212
2.37	3.0842
2.38	2.9673
2.39	2.8602
2.4	2.7626
2.41	2.6739
2.42	2.5942
2.43	2.5237
2.44	2.4628
2.45	2.4125
2.46	2.3742
2.47	2.3498
2.48	2.3416
2.49	2.3525
2.5	2.3856
2.51	2.4445
2.52	2.5326
2.53	2.653
2.54	2.8083
2.55	3
2.56	3.2282
2.57	3.4912
2.58	3.7851
2.59	4.1042
2.6	4.4404
2.61	4.7838
2.62	5.1234
2.63	5.4474
2.64	5.744
2.65	6.0022
2.66	6.2131
2.67	6.3695
2.68	6.4674
2.69	6.5056
2.7	6.4858
2.71	6.4122
2.72	6.2914
2.73	6.1311
2.74	5.9402
2.75	5.7274
2.76	5.5014
2.77	5.2697
2.78	5.0386
2.79	4.8134
2.8	4.5978
2.81	4.3942
2.82	4.204
2.83	4.0279
2.84	3.8655
2.85	3.7162
2.86	3.5792
2.87	3.4533
2.88	3.3374
2.89	3.2303
2.9	3.1312
2.91	3.039
2.92	2.953
2.93	2.8725
2.94	2.7968
2.95	2.7255
2.96	2.658
2.97	2.5942
2.98	2.5337
2.99	2.4763
3	2.4218
3.01	2.3704
3.02	2.3219
3.03	2.2766
3.04	2.2349
3.05	2.1971
3.06	2.1641
3.07	2.1366
3.08	2.116
3.09	2.1037
3.1	2.1013
3.11	2.1109
3.12	2.1346
3.13	2.1746
3.14	2.2332
3.15	2.3123
3.16	2.4132
3.17	2.5366
3.18	2.6822
3.19	2.8486
3.2	3.0331
3.21	3.2316
3.22	3.4388
3.23	3.6486
3.24	3.854
3.25	4.0479
3.26	4.2234
3.27	4.3745
3.28	4.4964
3.29	4.5855
3.3	4.6403
3.31	4.6608
3.32	4.6488
3.33	4.6072
3.34	4.5401
3.35	4.4525
3.36	4.3492
3.37	4.2352
3.38	4.1152
3.39	3.9931
3.4	3.8725
3.41	3.7563
3.42	3.6468
3.43	3.5462
3.44	3.4562
3.45	3.3785
3.46	3.3148
3.47	3.2667
3.48	3.2359
3.49	3.224
3.5	3.2323
3.51	3.2618
3.52	3.3129
3.53	3.3852
3.54	3.4772
3.55	3.5865
3.56	3.7097
3.57	3.8422
3.58	3.9788
3.59	4.1138
3.6	4.2412
3.61	4.3554
3.62	4.4515
3.63	4.5257
3.64	4.5753
3.65	4.5992
3.66	4.5979
3.67	4.5731
3.68	4.5279
3.69	4.4663
3.7	4.3927
3.71	4.312
3.72	4.2288
3.73	4.1474
3.74	4.0713
3.75	4.0035
3.76	3.9456
3.77	3.8984
3.78	3.8619
3.79	3.8348
3.8	3.815
3.81	3.7999
3.82	3.7863
3.83	3.7705
3.84	3.7493
3.85	3.7193
3.86	3.6782
3.87	3.624
3.88	3.5561
3.89	3.4751
3.9	3.3824
3.91	3.2811
3.92	3.1748
3.93	3.0682
3.94	2.9664
3.95	2.8747
3.96	2.7982
3.97	2.7419
3.98	2.7096
3.99	2.7045
4	2.7283
4.01	2.7814
4.02	2.8627
4.03	2.9695
4.04	3.0978
4.05	3.2421
4.06	3.3959
4.07	3.5522
4.08	3.7035
4.09	3.8428
4.1	3.9636
4.11	4.0605
4.12	4.1297
4.13	4.1688
4.14	4.1772
4.15	4.1561
4.16	4.1077
4.17	4.0357
4.18	3.9442
4.19	3.8378
4.2	3.7212
4.21	3.5988
4.22	3.4742
4.23	3.3507
4.24	3.2307
4.25	3.1159
4.26	3.0076
4.27	2.9062
4.28	2.8119
4.29	2.7246
4.3	2.6437
4.31	2.5689
4.32	2.4995
4.33	2.4349
4.34	2.3747
4.35	2.3183
4.36	2.2652
4.37	2.2151
4.38	2.1676
4.39	2.1225
4.4	2.0795
4.41	2.0385
4.42	1.9991
4.43	1.9614
4.44	1.9251
4.45	1.8901
4.46	1.8564
4.47	1.8239
4.48	1.7924
4.49	1.762
4.5	1.7326
4.51	1.704
4.52	1.6764
4.53	1.6496
4.54	1.6235
4.55	1.5983
4.56	1.5737
4.57	1.5499
4.58	1.5268
4.59	1.5044
4.6	1.4826
4.61	1.4614
4.62	1.4409
4.63	1.421
4.64	1.4016
4.65	1.3827
4.66	1.3644
4.67	1.3464
4.68	1.3289
4.69	1.3118
4.7	1.2949
4.71	1.2784
4.72	1.2621
4.73	1.2461
4.74	1.2304
4.75	1.2149
4.76	1.1998
4.77	1.1852
4.78	1.171
4.79	1.1575
4.8	1.1449
4.81	1.1332
4.82	1.1229
4.83	1.1142
4.84	1.1074
4.85	1.1029
4.86	1.1009
4.87	1.1018
4.88	1.1058
4.89	1.1131
4.9	1.1237
4.91	1.1377
4.92	1.1547
4.93	1.1744
4.94	1.1963
4.95	1.2195
4.96	1.2433
4.97	1.2668
4.98	1.2889
4.99	1.3087
5	1.3253
5.01	1.3381
5.02	1.3463
5.03	1.3496
5.04	1.3479
5.05	1.3412
5.06	1.3298
5.07	1.314
5.08	1.2946
5.09	1.272
5.1	1.2472
5.11	1.2206
5.12	1.1932
5.13	1.1653
5.14	1.1376
5.15	1.1105
5.16	1.0842
5.17	1.0591
5.18	1.0352
5.19	1.0125
5.2	.99114
5.21	.97098
5.22	.95198
5.23	.93405
5.24	.91711
5.25	.90105
5.26	.88578
5.27	.87124
5.28	.85734
5.29	.84402
5.3	.83123
5.31	.81891
5.32	.80704
5.33	.79557
5.34	.78447
5.35	.77372
5.36	.76329
5.37	.75317
5.38	.74334
5.39	.73378
5.4	.72449
5.41	.71544
5.42	.70662
5.43	.69803
5.44	.68965
5.45	.68146
5.46	.67346
5.47	.66562
5.48	.65794
5.49	.65038
5.5	.64294
5.51	.63559
5.52	.62832
5.53	.62111
5.54	.61395
5.55	.60683
5.56	.59975
5.57	.5927
5.58	.58571
5.59	.57877
5.6	.57191
5.61	.56514
5.62	.55849
5.63	.55198
5.64	.54562
5.65	.53942
5.66	.53341
5.67	.52757
5.68	.52191
5.69	.51643
5.7	.51111
5.71	.50595
5.72	.50092
5.73	.49602
5.74	.49123
5.75	.48653
5.76	.48191
5.77	.47736
5.78	.47288
5.79	.46846
5.8	.46408
5.81	.45976
5.82	.45549
5.83	.45126
5.84	.44709
5.85	.44296
5.86	.43889
5.87	.43487
5.88	.43091
5.89	.42701
5.9	.42317
5.91	.41939
5.92	.41568
5.93	.41202
5.94	.40844
5.95	.40491
5.96	.40145
5.97	.39805
5.98	.3947
5.99	.39142
6	.3882
6.01	.38504
6.02	.38193
6.03	.37887
6.04	.37588
6.05	.37293
6.06	.37003
6.07	.36719
6.08	.3644
6.09	.36166
6.1	.35897
6.11	.35633
6.12	.35374
6.13	.3512
6.14	.3487
6.15	.34626
6.16	.34386
6.17	.34152
6.18	.33922
6.19	.33696
6.2	.33476
6.21	.33259
6.22	.33048
6.23	.32841
6.24	.32638
6.25	.3244
6.26	.32246
6.27	.32057
6.28	.31872
6.29	.31693
6.3	.31518
6.31	.31348
6.32	.31183
6.33	.31023
6.34	.30869
6.35	.30721
6.36	.30578
6.37	.30442
6.38	.30312
6.39	.30188
6.4	.30071
6.41	.2996
6.42	.29857
6.43	.29762
6.44	.29673
6.45	.29593
6.46	.29521
6.47	.29458
6.48	.29405
6.49	.29361
6.5	.29327
6.51	.29305
6.52	.29295
6.53	.29298
6.54	.29316
6.55	.2935
6.56	.29403
6.57	.29475
6.58	.29571
6.59	.29693
6.6	.29843
6.61	.30027
6.62	.30247
6.63	.30508
6.64	.30813
6.65	.31164
6.66	.31562
6.67	.32005
6.68	.32489
6.69	.33004
6.7	.33538
6.71	.3407
6.72	.34577
6.73	.35031
6.74	.354
6.75	.35651
6.76	.35749
6.77	.35665
6.78	.35375
6.79	.34863
6.8	.34122
6.81	.33157
6.82	.31986
6.83	.30637
6.84	.29145
6.85	.27554
6.86	.2591
6.87	.24259
6.88	.22646
6.89	.21107
6.9	.19674
6.91	.18367
6.92	.17201
6.93	.1618
6.94	.15302
6.95	.14559
6.96	.13939
6.97	.13428
6.98	.1301
6.99	.12672
7	.12398
7.01	.12177
7.02	.11997
7.03	.11851
7.04	.11732
7.05	.11634
7.06	.11554
7.07	.11489
7.08	.11436
7.09	.11395
7.1	.11363
7.11	.1134
7.12	.11326
7.13	.11317
7.14	.11313
7.15	.11313
7.16	.11313
7.17	.11314
7.18	.11312
7.19	.11305
7.2	.11291
7.21	.11268
7.22	.11235
7.23	.11189
7.24	.1113
7.25	.11056
7.26	.10968
7.27	.10866
7.28	.10751
7.29	.10625
7.3	.10489
7.31	.10346
7.32	.10199
7.33	.1005
7.34	.099029
7.35	.097586
7.36	.096198
7.37	.094878
7.38	.093637
7.39	.092481
7.4	.09141
7.41	.090422
7.42	.089511
7.43	.088671
7.44	.087892
7.45	.087167
7.46	.086487
7.47	.085846
7.48	.085236
7.49	.084653
7.5	.084093
7.51	.083553
7.52	.083031
7.53	.082527
7.54	.082042
7.55	.081575
7.56	.081131
7.57	.080712
7.58	.080322
7.59	.079968
7.6	.079653
7.61	.079384
7.62	.079167
7.63	.079008
7.64	.07891
7.65	.078879
7.66	.078914
7.67	.079017
7.68	.079183
7.69	.079408
7.7	.079685
7.71	.080005
7.72	.080356
7.73	.080728
7.74	.08111
7.75	.081489
7.76	.081856
7.77	.082202
7.78	.08252
7.79	.082805
7.8	.083054
7.81	.083264
7.82	.083435
7.83	.083567
7.84	.083663
7.85	.083722
7.86	.083747
7.87	.083739
7.88	.083698
7.89	.083627
7.9	.083525
7.91	.083392
7.92	.083228
7.93	.083032
7.94	.082804
7.95	.082541
7.96	.082243
7.97	.08191
7.98	.081541
7.99	.081136
8	.080698
8.01	.080227
8.02	.079728
8.03	.079203
8.04	.078658
8.05	.078098
8.06	.077526
8.07	.076948
8.08	.076367
8.09	.075787
8.1	.07521
8.11	.074637
8.12	.074067
8.13	.073501
8.14	.07294
8.15	.072381
8.16	.071825
8.17	.071273
8.18	.070726
8.19	.070186
8.2	.069654
8.21	.069136
8.22	.068633
8.23	.06815
8.24	.06769
8.25	.067258
8.26	.066855
8.27	.066485
8.28	.06615
8.29	.06585
8.3	.065588
8.31	.065362
8.32	.065174
8.33	.065021
8.34	.064905
8.35	.064826
8.36	.064786
8.37	.064788
8.38	.064841
8.39	.064955
8.4	.065149
8.41	.065445
8.42	.065873
8.43	.066469
8.44	.067274
8.45	.068336
8.46	.069699
8.47	.071408
8.48	.073501
8.49	.076005
8.5	.078927
8.51	.08226
8.52	.085968
8.53	.089994
8.54	.094256
8.55	.098652
8.56	.10306
8.57	.10737
8.58	.11144
8.59	.11518
8.6	.11848
8.61	.12129
8.62	.12357
8.63	.12533
8.64	.1266
8.65	.12746
8.66	.12801
8.67	.12836
8.68	.12865
8.69	.12901
8.7	.12957
8.71	.13043
8.72	.13169
8.73	.1334
8.74	.13558
8.75	.13823
8.76	.14129
8.77	.14468
8.78	.1483
8.79	.152
8.8	.15564
8.81	.15907
8.82	.16215
8.83	.16475
8.84	.16677
8.85	.16814
8.86	.16885
8.87	.16889
8.88	.16831
8.89	.16717
8.9	.16558
8.91	.16364
8.92	.16145
8.93	.15913
8.94	.15677
8.95	.15447
8.96	.15229
8.97	.15027
8.98	.14845
8.99	.14684
9	.14543
9.01	.1442
9.02	.14315
9.03	.14225
9.04	.14147
9.05	.14082
9.06	.14028
9.07	.13989
9.08	.13966
9.09	.13965
9.1	.1399
9.11	.1405
9.12	.1415
9.13	.143
9.14	.14506
9.15	.14776
9.16	.15113
9.17	.15522
9.18	.16004
9.19	.16558
9.2	.17182
9.21	.17868
9.22	.18608
9.23	.19389
9.24	.20197
9.25	.21014
9.26	.21821
9.27	.22596
9.28	.23317
9.29	.23965
9.3	.2452
9.31	.24965
9.32	.2529
9.33	.25486
9.34	.25552
9.35	.25492
9.36	.25315
9.37	.25036
9.38	.2467
9.39	.2424
9.4	.23766
9.41	.23272
9.42	.22781
9.43	.22316
9.44	.21903
9.45	.21569
9.46	.21343
9.47	.2126
9.48	.21365
9.49	.21711
9.5	.22365
9.51	.23412
9.52	.24954
9.53	.27114
9.54	.30034
9.55	.33878
9.56	.38819
9.57	.45039
9.58	.52712
9.59	.61991
9.6	.7299
9.61	.85765
9.62	1.0029
9.63	1.1647
9.64	1.3407
9.65	1.5277
9.66	1.7216
9.67	1.9171
9.68	2.1087
9.69	2.2905
9.7	2.4566
9.71	2.6019
9.72	2.7221
9.73	2.814
9.74	2.876
9.75	2.9078
9.76	2.9106
9.77	2.8869
9.78	2.84
9.79	2.7739
9.8	2.6931
9.81	2.602
9.82	2.5046
9.83	2.4045
9.84	2.3048
9.85	2.2079
9.86	2.1154
9.87	2.0285
9.88	1.9478
9.89	1.8734
9.9	1.8052
9.91	1.7429
9.92	1.686
9.93	1.6341
9.94	1.5867
9.95	1.5433
9.96	1.5037
9.97	1.4674
9.98	1.4343
9.99	1.4041
10	1.3768
10.01	1.3523
10.02	1.3304
10.03	1.3111
10.04	1.2943
10.05	1.2797
10.06	1.2673
10.07	1.2566
10.08	1.2475
10.09	1.2395
10.1	1.2323
10.11	1.2254
10.12	1.2185
10.13	1.2111
10.14	1.2031
10.15	1.1941
10.16	1.184
10.17	1.1726
10.18	1.16
10.19	1.1463
10.2	1.1315
10.21	1.1158
10.22	1.0995
10.23	1.0826
10.24	1.0654
10.25	1.0481
10.26	1.0309
10.27	1.0138
10.28	.99718
10.29	.98095
10.3	.96527
10.31	.95024
10.32	.93589
10.33	.92226
10.34	.90935
10.35	.89715
10.36	.8856
10.37	.87464
10.38	.86419
10.39	.85415
10.4	.84445
10.41	.83502
10.42	.82582
10.43	.81685
10.44	.80816
10.45	.79984
10.46	.79205
10.47	.785
10.48	.77891
10.49	.77405
10.5	.7707
10.51	.7691
10.52	.76945
10.53	.77189
10.54	.77645
10.55	.78306
10.56	.79152
10.57	.80149
10.58	.81252
10.59	.82407
10.6	.83553
10.61	.84626
10.62	.85564
10.63	.86313
10.64	.86828
10.65	.87077
10.66	.87045
10.67	.86733
10.68	.86156
10.69	.85343
10.7	.84331
10.71	.83166
10.72	.81895
10.73	.80565
10.74	.79218
10.75	.77892
10.76	.76616
10.77	.75412
10.78	.74292
10.79	.73264
10.8	.72326
10.81	.71475
10.82	.70701
10.83	.69994
10.84	.69343
10.85	.68739
10.86	.68174
10.87	.67643
10.88	.67144
10.89	.66681
10.9	.66258
10.91	.65886
10.92	.65575
10.93	.65341
10.94	.65198
10.95	.65159
10.96	.65237
10.97	.65441
10.98	.65775
10.99	.66236
11	.66818
11.01	.67503
11.02	.68269
11.03	.6909
11.04	.69932
11.05	.70763
11.06	.71553
11.07	.72277
11.08	.72922
11.09	.73486
11.1	.73987
11.11	.7446
11.12	.74961
11.13	.75566
11.14	.76368
11.15	.77474
11.16	.78996
11.17	.81048
11.18	.83735
11.19	.8714
11.2	.91321
11.21	.96298
11.22	1.0204
11.23	1.0849
11.24	1.1551
11.25	1.2293
11.26	1.3056
11.27	1.3815
11.28	1.4547
11.29	1.5226
11.3	1.583
11.31	1.6342
11.32	1.6746
11.33	1.7035
11.34	1.7206
11.35	1.7263
11.36	1.7214
11.37	1.7073
11.38	1.6856
11.39	1.6581
11.4	1.6267
11.41	1.5932
11.42	1.5595
11.43	1.5271
11.44	1.4973
11.45	1.4712
11.46	1.4496
11.47	1.433
11.48	1.4216
11.49	1.4155
11.5	1.4144
11.51	1.4178
11.52	1.4253
11.53	1.436
11.54	1.4495
11.55	1.4649
11.56	1.4818
11.57	1.4999
11.58	1.5189
11.59	1.5391
11.6	1.5609
11.61	1.5848
11.62	1.6116
11.63	1.6421
11.64	1.6769
11.65	1.7164
11.66	1.7609
11.67	1.8098
11.68	1.8624
11.69	1.9172
11.7	1.9723
11.71	2.0255
11.72	2.0743
11.73	2.1162
11.74	2.1488
11.75	2.1702
11.76	2.1789
11.77	2.174
11.78	2.1554
11.79	2.1237
11.8	2.08
11.81	2.0258
11.82	1.9634
11.83	1.8948
11.84	1.8223
11.85	1.7482
11.86	1.6744
11.87	1.6027
11.88	1.5346
11.89	1.4712
11.9	1.4133
11.91	1.3613
11.92	1.3157
11.93	1.2762
11.94	1.2429
11.95	1.2154
11.96	1.1933
11.97	1.1761
11.98	1.1631
11.99	1.1538
12	1.1477
12.01	1.144
12.02	1.1422
12.03	1.1416
12.04	1.1419
12.05	1.1425
12.06	1.1429
12.07	1.1428
12.08	1.1419
12.09	1.1401
12.1	1.1372
12.11	1.1334
12.12	1.1286
12.13	1.1232
12.14	1.1175
12.15	1.1121
12.16	1.1074
12.17	1.1043
12.18	1.1033
12.19	1.1054
12.2	1.1114
12.21	1.1223
12.22	1.139
12.23	1.1626
12.24	1.1939
12.25	1.2338
12.26	1.2832
12.27	1.3427
12.28	1.4126
12.29	1.493
12.3	1.5836
12.31	1.6835
12.32	1.7916
12.33	1.9061
12.34	2.0249
12.35	2.1457
12.36	2.2657
12.37	2.3825
12.38	2.4934
12.39	2.5963
12.4	2.6893
12.41	2.7711
12.42	2.841
12.43	2.8988
12.44	2.9448
12.45	2.9799
12.46	3.0051
12.47	3.022
12.48	3.0319
12.49	3.0363
12.5	3.0365
12.51	3.0335
12.52	3.028
12.53	3.0204
12.54	3.0106
12.55	2.9984
12.56	2.9832
12.57	2.9643
12.58	2.941
12.59	2.9125
12.6	2.8786
12.61	2.8388
12.62	2.7935
12.63	2.7431
12.64	2.6882
12.65	2.6299
12.66	2.5694
12.67	2.5079
12.68	2.4466
12.69	2.3866
12.7	2.3288
12.71	2.274
12.72	2.2225
12.73	2.1745
12.74	2.1301
12.75	2.0889
12.76	2.0506
12.77	2.0149
12.78	1.9811
12.79	1.9489
12.8	1.918
12.81	1.8881
12.82	1.8592
12.83	1.8313
12.84	1.8047
12.85	1.7798
12.86	1.7573
12.87	1.7377
12.88	1.7221
12.89	1.7112
12.9	1.7059
12.91	1.7073
12.92	1.7161
12.93	1.733
12.94	1.7584
12.95	1.7923
12.96	1.8342
12.97	1.8834
12.98	1.9382
12.99	1.9967
13	2.0564
13.01	2.1145
13.02	2.1681
13.03	2.2141
13.04	2.2498
13.05	2.273
13.06	2.2819
13.07	2.2755
13.08	2.2539
13.09	2.2175
13.1	2.168
13.11	2.1072
13.12	2.0375
13.13	1.9618
13.14	1.8827
13.15	1.803
13.16	1.7251
13.17	1.6511
13.18	1.5829
13.19	1.5218
13.2	1.4689
13.21	1.4247
13.22	1.3898
13.23	1.3642
13.24	1.3477
13.25	1.3399
13.26	1.3403
13.27	1.3482
13.28	1.3626
13.29	1.3825
13.3	1.4066
13.31	1.4337
13.32	1.4625
13.33	1.4916
13.34	1.5198
13.35	1.5459
13.36	1.569
13.37	1.5884
13.38	1.6036
13.39	1.6143
13.4	1.6204
13.41	1.6223
13.42	1.6203
13.43	1.6148
13.44	1.6064
13.45	1.5957
13.46	1.5832
13.47	1.5696
13.48	1.5555
13.49	1.5412
13.5	1.5274
13.51	1.5145
13.52	1.5028
13.53	1.4928
13.54	1.485
13.55	1.4796
13.56	1.4769
13.57	1.4774
13.58	1.4812
13.59	1.4885
13.6	1.4992
13.61	1.5133
13.62	1.5303
13.63	1.55
13.64	1.5715
13.65	1.5942
13.66	1.6171
13.67	1.6392
13.68	1.6595
13.69	1.6771
13.7	1.6912
13.71	1.701
13.72	1.7061
13.73	1.7062
13.74	1.7013
13.75	1.6917
13.76	1.6776
13.77	1.6597
13.78	1.6385
13.79	1.6147
13.8	1.589
13.81	1.562
13.82	1.5343
13.83	1.5065
13.84	1.479
13.85	1.4522
13.86	1.4264
13.87	1.4021
13.88	1.3794
13.89	1.3587
13.9	1.3404
13.91	1.3246
13.92	1.3118
13.93	1.3021
13.94	1.296
13.95	1.2937
13.96	1.2953
13.97	1.3011
13.98	1.3113
13.99	1.3258
14	1.3447
14.01	1.3681
14.02	1.3959
14.03	1.4279
14.04	1.4641
14.05	1.5041
14.06	1.5479
14.07	1.5948
14.08	1.6445
14.09	1.6962
14.1	1.7492
14.11	1.8026
14.12	1.8553
14.13	1.9063
14.14	1.9543
14.15	1.9983
14.16	2.0372
14.17	2.0702
14.18	2.0965
14.19	2.116
14.2	2.1283
14.21	2.1338
14.22	2.1329
14.23	2.1266
14.24	2.1157
14.25	2.1016
14.26	2.0854
14.27	2.0685
14.28	2.0522
14.29	2.0375
14.3	2.0253
14.31	2.0161
14.32	2.0103
14.33	2.0078
14.34	2.0084
14.35	2.0118
14.36	2.0174
14.37	2.0247
14.38	2.0335
14.39	2.0438
14.4	2.056
14.41	2.0709
14.42	2.0902
14.43	2.1159
14.44	2.1506
14.45	2.1975
14.46	2.2597
14.47	2.3409
14.48	2.4443
14.49	2.5729
14.5	2.7291
14.51	2.9144
14.52	3.1295
14.53	3.3737
14.54	3.6454
14.55	3.9418
14.56	4.259
14.57	4.5922
14.58	4.9359
14.59	5.284
14.6	5.6302
14.61	5.9681
14.62	6.2915
14.63	6.5948
14.64	6.8726
14.65	7.1208
14.66	7.3358
14.67	7.5153
14.68	7.658
14.69	7.7637
14.7	7.8332
14.71	7.8684
14.72	7.872
14.73	7.847
14.74	7.7973
14.75	7.7266
14.76	7.6389
14.77	7.5378
14.78	7.4268
14.79	7.3089
14.8	7.1867
14.81	7.0624
14.82	6.9378
14.83	6.8144
14.84	6.6934
14.85	6.5759
14.86	6.463
14.87	6.3556
14.88	6.2551
14.89	6.1625
14.9	6.0791
14.91	6.006
14.92	5.9444
14.93	5.895
14.94	5.858
14.95	5.8331
14.96	5.8193
14.97	5.815
14.98	5.8176
14.99	5.8242
15	5.8315
15.01	5.8357
15.02	5.8336
15.03	5.8219
15.04	5.7982
15.05	5.7607
15.06	5.7085
15.07	5.6418
15.08	5.5613
15.09	5.4687
15.1	5.366
15.11	5.2557
15.12	5.1403
15.13	5.0224
15.14	4.9043
15.15	4.7879
15.16	4.6749
15.17	4.5666
15.18	4.4638
15.19	4.3671
15.2	4.2766
15.21	4.1924
15.22	4.1144
15.23	4.0422
15.24	3.9756
15.25	3.9141
15.26	3.8575
15.27	3.8053
15.28	3.7574
15.29	3.7135
15.3	3.6735
15.31	3.6373
15.32	3.6049
15.33	3.5762
15.34	3.5516
15.35	3.531
15.36	3.5148
15.37	3.5032
15.38	3.4963
15.39	3.4942
15.4	3.4969
15.41	3.5041
15.42	3.5154
15.43	3.5301
15.44	3.547
15.45	3.5647
15.46	3.5818
15.47	3.5965
15.48	3.607
15.49	3.6116
15.5	3.6089
15.51	3.5978
15.52	3.5776
15.53	3.5484
15.54	3.5105
15.55	3.4648
15.56	3.4128
15.57	3.3559
15.58	3.2961
15.59	3.2352
15.6	3.175
15.61	3.1171
15.62	3.0628
15.63	3.0134
15.64	2.9697
15.65	2.9325
15.66	2.9024
15.67	2.88
15.68	2.8656
15.69	2.8596
15.7	2.8625
15.71	2.8745
15.72	2.8957
15.73	2.926
15.74	2.9649
15.75	3.0115
15.76	3.0648
15.77	3.123
15.78	3.1841
15.79	3.2457
15.8	3.3054
15.81	3.3605
15.82	3.4087
15.83	3.4479
15.84	3.4764
15.85	3.493
15.86	3.4973
15.87	3.4892
15.88	3.4694
15.89	3.4389
15.9	3.3992
15.91	3.3519
15.92	3.2988
15.93	3.2415
15.94	3.1818
15.95	3.1209
15.96	3.0601
15.97	3.0002
15.98	2.9421
15.99	2.886
16	2.8324
16.01	2.7812
16.02	2.7326
16.03	2.6863
16.04	2.6424
16.05	2.6007
16.06	2.5612
16.07	2.5237
16.08	2.4881
16.09	2.4546
16.1	2.4232
16.11	2.3938
16.12	2.3665
16.13	2.3415
16.14	2.3187
16.15	2.2981
16.16	2.2797
16.17	2.2635
16.18	2.2494
16.19	2.2371
16.2	2.2265
16.21	2.2173
16.22	2.2093
16.23	2.2023
16.24	2.196
16.25	2.1902
16.26	2.1847
16.27	2.1793
16.28	2.1738
16.29	2.1683
16.3	2.1626
16.31	2.1566
16.32	2.1503
16.33	2.1436
16.34	2.1365
16.35	2.1288
16.36	2.1205
16.37	2.1116
16.38	2.1019
16.39	2.0914
16.4	2.08
16.41	2.0679
16.42	2.0549
16.43	2.0413
16.44	2.0271
16.45	2.0124
16.46	1.9973
16.47	1.9821
16.48	1.9668
16.49	1.9517
16.5	1.9368
16.51	1.9222
16.52	1.9081
16.53	1.8945
16.54	1.8815
16.55	1.8691
16.56	1.8573
16.57	1.8461
16.58	1.8354
16.59	1.8253
16.6	1.8157
16.61	1.8064
16.62	1.7974
16.63	1.7887
16.64	1.7802
16.65	1.7718
16.66	1.7636
16.67	1.7554
16.68	1.7474
16.69	1.7396
16.7	1.7319
16.71	1.7244
16.72	1.7171
16.73	1.7102
16.74	1.7035
16.75	1.6972
16.76	1.6913
16.77	1.6857
16.78	1.6804
16.79	1.6754
16.8	1.6705
16.81	1.6658
16.82	1.6611
16.83	1.6564
16.84	1.6515
16.85	1.6465
16.86	1.6412
16.87	1.6357
16.88	1.6299
16.89	1.624
16.9	1.6179
16.91	1.6118
16.92	1.6059
16.93	1.6001
16.94	1.5947
16.95	1.5897
16.96	1.5853
16.97	1.5814
16.98	1.5782
16.99	1.5755
17	1.5734
17.01	1.5718
17.02	1.5704
17.03	1.5691
17.04	1.5679
17.05	1.5664
17.06	1.5645
17.07	1.562
17.08	1.559
17.09	1.5552
17.1	1.5507
17.11	1.5455
17.12	1.5396
17.13	1.5331
17.14	1.5261
17.15	1.5188
17.16	1.5112
17.17	1.5035
17.18	1.4959
17.19	1.4884
17.2	1.4812
17.21	1.4744
17.22	1.4683
17.23	1.4629
17.24	1.4585
17.25	1.4552
17.26	1.4532
17.27	1.4526
17.28	1.4535
17.29	1.4561
17.3	1.4602
17.31	1.4659
17.32	1.4731
17.33	1.4816
17.34	1.4913
17.35	1.5017
17.36	1.5127
17.37	1.5239
17.38	1.535
17.39	1.5457
17.4	1.5555
17.41	1.5643
17.42	1.5718
17.43	1.5776
17.44	1.5815
17.45	1.5833
17.46	1.5828
17.47	1.5797
17.48	1.574
17.49	1.5655
17.5	1.5542
17.51	1.5401
17.52	1.5234
17.53	1.5043
17.54	1.4832
17.55	1.4606
17.56	1.4369
17.57	1.4127
17.58	1.3884
17.59	1.3647
17.6	1.3419
17.61	1.3205
17.62	1.3006
17.63	1.2825
17.64	1.2662
17.65	1.2517
17.66	1.2389
17.67	1.2276
17.68	1.2178
17.69	1.2093
17.7	1.2017
17.71	1.1952
17.72	1.1894
17.73	1.1843
17.74	1.1798
17.75	1.176
17.76	1.1727
17.77	1.1702
17.78	1.1683
17.79	1.1671
17.8	1.1667
17.81	1.1671
17.82	1.1685
17.83	1.1708
17.84	1.174
17.85	1.1783
17.86	1.1836
17.87	1.1898
17.88	1.197
17.89	1.205
17.9	1.2138
17.91	1.2232
17.92	1.2331
17.93	1.2433
17.94	1.2537
17.95	1.2641
17.96	1.2742
17.97	1.2839
17.98	1.293
17.99	1.3014
18	1.3089
18.01	1.3155
18.02	1.3211
18.03	1.3259
18.04	1.33
18.05	1.3334
18.06	1.3364
18.07	1.3393
18.08	1.3423
18.09	1.3457
18.1	1.3497
18.11	1.3545
18.12	1.3601
18.13	1.3665
18.14	1.3736
18.15	1.3813
18.16	1.3892
18.17	1.3969
18.18	1.4042
18.19	1.4105
18.2	1.4155
18.21	1.419
18.22	1.4209
18.23	1.4209
18.24	1.4194
18.25	1.4165
18.26	1.4125
18.27	1.4078
18.28	1.4027
18.29	1.3977
18.3	1.393
18.31	1.3887
18.32	1.3848
18.33	1.3814
18.34	1.3783
18.35	1.3751
18.36	1.3717
18.37	1.3677
18.38	1.3629
18.39	1.357
18.4	1.35
18.41	1.3417
18.42	1.3322
18.43	1.3217
18.44	1.3104
18.45	1.2984
18.46	1.2863
18.47	1.2742
18.48	1.2627
18.49	1.2521
18.5	1.2428
18.51	1.235
18.52	1.2292
18.53	1.2255
18.54	1.2242
18.55	1.2254
18.56	1.2292
18.57	1.2356
18.58	1.2446
18.59	1.2561
18.6	1.2697
18.61	1.2853
18.62	1.3024
18.63	1.3207
18.64	1.3395
18.65	1.3583
18.66	1.3766
18.67	1.3936
18.68	1.409
18.69	1.4221
18.7	1.4325
18.71	1.4399
18.72	1.4439
18.73	1.4445
18.74	1.4415
18.75	1.4351
18.76	1.4254
18.77	1.4128
18.78	1.3976
18.79	1.3802
18.8	1.3612
18.81	1.3412
18.82	1.3208
18.83	1.3006
18.84	1.2813
18.85	1.2636
18.86	1.2482
18.87	1.2355
18.88	1.2262
18.89	1.2207
18.9	1.2191
18.91	1.2217
18.92	1.2283
18.93	1.2386
18.94	1.252
18.95	1.2676
18.96	1.2846
18.97	1.3019
18.98	1.3184
18.99	1.3329
19	1.3446
19.01	1.3526
19.02	1.3564
19.03	1.3558
19.04	1.3508
19.05	1.3416
19.06	1.3289
19.07	1.3132
19.08	1.2955
19.09	1.2766
19.1	1.2572
19.11	1.2382
19.12	1.2201
19.13	1.2035
19.14	1.1887
19.15	1.1758
19.16	1.1649
19.17	1.1559
19.18	1.1487
19.19	1.1431
19.2	1.1386
19.21	1.1353
19.22	1.1327
19.23	1.1307
19.24	1.129
19.25	1.1277
19.26	1.1265
19.27	1.1253
19.28	1.1242
19.29	1.1229
19.3	1.1215
19.31	1.1198
19.32	1.1178
19.33	1.1154
19.34	1.1125
19.35	1.1092
19.36	1.1052
19.37	1.1007
19.38	1.0956
19.39	1.09
19.4	1.0839
19.41	1.0774
19.42	1.0705
19.43	1.0634
19.44	1.056
19.45	1.0486
19.46	1.0411
19.47	1.0338
19.48	1.0265
19.49	1.0195
19.5	1.0127
19.51	1.0062
19.52	1
19.53	.99417
19.54	.98861
19.55	.98334
19.56	.97838
19.57	.97371
19.58	.96933
19.59	.96522
19.6	.96139
19.61	.95783
19.62	.95451
19.63	.95141
19.64	.9485
19.65	.94573
19.66	.94306
19.67	.94043
19.68	.93779
19.69	.93511
19.7	.93235
19.71	.92949
19.72	.92655
19.73	.92354
19.74	.9205
19.75	.91748
19.76	.91456
19.77	.9118
19.78	.90926
19.79	.90703
19.8	.90515
19.81	.90366
19.82	.90258
19.83	.90193
19.84	.90169
19.85	.90182
19.86	.90228
19.87	.90303
19.88	.90398
19.89	.90511
19.9	.90636
19.91	.90773
19.92	.90925
19.93	.91097
19.94	.913
19.95	.9155
19.96	.91863
19.97	.9226
19.98	.9276
19.99	.93378
20	.94127
20.01	.95011
20.02	.96027
20.03	.97165
20.04	.98407
20.05	.99731
20.06	1.0111
20.07	1.0252
20.08	1.0395
20.09	1.0538
20.1	1.068
20.11	1.0822
20.12	1.0964
20.13	1.1107
20.14	1.1252
20.15	1.14
20.16	1.1548
20.17	1.1698
20.18	1.1845
20.19	1.1987
20.2	1.2119
20.21	1.2237
20.22	1.2337
20.23	1.2414
20.24	1.2465
20.25	1.2489
20.26	1.2485
20.27	1.2453
20.28	1.2397
20.29	1.2319
20.3	1.2224
20.31	1.2115
20.32	1.1999
20.33	1.1878
20.34	1.1758
20.35	1.164
20.36	1.1527
20.37	1.1421
20.38	1.132
20.39	1.1226
20.4	1.1137
20.41	1.1052
20.42	1.0969
20.43	1.0887
20.44	1.0806
20.45	1.0723
20.46	1.0639
20.47	1.0553
20.48	1.0466
20.49	1.0377
20.5	1.0288
20.51	1.0198
20.52	1.0109
20.53	1.0021
20.54	.99343
20.55	.98499
20.56	.97679
20.57	.96888
20.58	.96127
20.59	.95399
20.6	.94705
20.61	.94045
20.62	.9342
20.63	.92832
20.64	.92279
20.65	.91764
20.66	.91287
20.67	.90849
20.68	.9045
20.69	.90088
20.7	.89763
20.71	.89472
20.72	.89211
20.73	.88977
20.74	.88765
20.75	.88572
20.76	.88396
20.77	.88234
20.78	.88086
20.79	.87952
20.8	.87834
20.81	.87733
20.82	.87651
20.83	.87588
20.84	.87547
20.85	.87528
20.86	.87529
20.87	.8755
20.88	.87586
20.89	.87634
20.9	.87685
20.91	.87732
20.92	.87764
20.93	.8777
20.94	.87737
20.95	.87654
20.96	.87512
20.97	.87302
20.98	.87019
20.99	.86663
21	.86236
21.01	.85741
21.02	.85186
21.03	.84581
21.04	.83936
21.05	.83262
21.06	.8257
21.07	.81873
21.08	.81181
21.09	.80506
21.1	.79857
21.11	.79245
21.12	.78676
21.13	.78159
21.14	.77696
21.15	.77289
21.16	.76939
21.17	.76641
21.18	.76391
21.19	.7618
21.2	.76
21.21	.75842
21.22	.75696
21.23	.75553
21.24	.75407
21.25	.7525
21.26	.75077
21.27	.74887
21.28	.74677
21.29	.74448
21.3	.742
21.31	.73935
21.32	.73655
21.33	.73363
21.34	.73063
21.35	.72757
21.36	.7245
21.37	.72146
21.38	.7185
21.39	.71567
21.4	.71301
21.41	.71057
21.42	.70836
21.43	.70644
21.44	.7048
21.45	.70346
21.46	.70245
21.47	.70175
21.48	.70139
21.49	.70136
21.5	.70167
21.51	.7023
21.52	.70324
21.53	.70445
21.54	.70589
21.55	.70749
21.56	.7092
21.57	.71095
21.58	.71269
21.59	.71439
21.6	.71604
21.61	.71765
21.62	.71929
21.63	.72103
21.64	.72297
21.65	.72523
21.66	.72794
21.67	.73123
21.68	.73524
21.69	.74011
21.7	.74594
21.71	.75284
21.72	.76087
21.73	.77005
21.74	.78034
21.75	.79165
21.76	.80381
21.77	.8166
21.78	.82974
21.79	.84293
21.8	.85584
21.81	.86819
21.82	.87971
21.83	.8902
21.84	.89953
21.85	.90765
21.86	.91455
21.87	.92029
21.88	.92495
21.89	.92863
21.9	.93142
21.91	.93341
21.92	.93469
21.93	.93529
21.94	.93529
21.95	.93473
21.96	.93367
21.97	.93218
21.98	.93033
21.99	.92821
22	.92591
22.01	.9235
22.02	.92108
22.03	.91871
22.04	.91643
22.05	.91429
22.06	.91231
22.07	.91048
22.08	.90882
22.09	.9073
22.1	.9059
22.11	.90458
22.12	.90332
22.13	.90209
22.14	.90088
22.15	.89968
22.16	.89851
22.17	.89742
22.18	.89647
22.19	.89577
22.2	.89542
22.21	.89553
22.22	.89621
22.23	.89753
22.24	.89955
22.25	.90228
22.26	.90569
22.27	.9097
22.28	.9142
22.29	.91904
22.3	.92405
22.31	.92904
22.32	.93382
22.33	.9382
22.34	.94201
22.35	.94509
22.36	.9473
22.37	.94855
22.38	.94876
22.39	.9479
22.4	.94598
22.41	.94306
22.42	.93923
22.43	.9346
22.44	.92931
22.45	.92353
22.46	.91739
22.47	.91103
22.48	.90455
22.49	.89803
22.5	.89149
22.51	.88496
22.52	.87842
22.53	.87184
22.54	.8652
22.55	.85848
22.56	.85169
22.57	.84487
22.58	.83805
22.59	.83132
22.6	.82476
22.61	.81848
22.62	.81256
22.63	.80709
22.64	.80214
22.65	.79775
22.66	.79395
22.67	.79074
22.68	.7881
22.69	.78597
22.7	.7843
22.71	.783
22.72	.78198
22.73	.78116
22.74	.78045
22.75	.77978
22.76	.7791
22.77	.77839
22.78	.77766
22.79	.77694
22.8	.77629
22.81	.77577
22.82	.77544
22.83	.77535
22.84	.77555
22.85	.77604
22.86	.7768
22.87	.77779
22.88	.77894
22.89	.78017
22.9	.78139
22.91	.78251
22.92	.78345
22.93	.78412
22.94	.78447
22.95	.78444
22.96	.78401
22.97	.78316
22.98	.7819
22.99	.78029
23	.77837
23.01	.77623
23.02	.77397
23.03	.77169
23.04	.76947
23.05	.76739
23.06	.7655
23.07	.76383
23.08	.76236
23.09	.76107
23.1	.7599
23.11	.75881
23.12	.75771
23.13	.75658
23.14	.75536
23.15	.75404
23.16	.75262
23.17	.75114
23.18	.74964
23.19	.74818
23.2	.74684
23.21	.74569
23.22	.74482
23.23	.74429
23.24	.74415
23.25	.74442
23.26	.7451
23.27	.74614
23.28	.74746
23.29	.74895
23.3	.75049
23.31	.75191
23.32	.75306
23.33	.75379
23.34	.75394
23.35	.75341
23.36	.75211
23.37	.74998
23.38	.74703
23.39	.74329
23.4	.73883
23.41	.73374
23.42	.72817
23.43	.72225
23.44	.71616
23.45	.71004
23.46	.70404
23.47	.6983
23.48	.69293
23.49	.68802
23.5	.68363
23.51	.67979
23.52	.67652
23.53	.67381
23.54	.67167
23.55	.67006
23.56	.66895
23.57	.66832
23.58	.66813
23.59	.66834
23.6	.6689
23.61	.66975
23.62	.67082
23.63	.67202
23.64	.67328
23.65	.67452
23.66	.67563
23.67	.67656
23.68	.67723
23.69	.6776
23.7	.67764
23.71	.67735
23.72	.67674
23.73	.67583
23.74	.67465
23.75	.67326
23.76	.6717
23.77	.67002
23.78	.66826
23.79	.66647
23.8	.6647
23.81	.66299
23.82	.66138
23.83	.65993
23.84	.65867
23.85	.65762
23.86	.65681
23.87	.65625
23.88	.65593
23.89	.65585
23.9	.65599
23.91	.65633
23.92	.65684
23.93	.65753
23.94	.65838
23.95	.65938
23.96	.66055
23.97	.66188
23.98	.66338
23.99	.66505
24	.6669
24.01	.66891
24.02	.67108
24.03	.67338
24.04	.67579
24.05	.67827
24.06	.68079
24.07	.6833
24.08	.68575
24.09	.6881
24.1	.69029
24.11	.69228
24.12	.69403
24.13	.69551
24.14	.69671
24.15	.69764
24.16	.69832
24.17	.69879
24.18	.69911
24.19	.69935
24.2	.69962
24.21	.70001
24.22	.70063
24.23	.70161
24.24	.70305
24.25	.70508
24.26	.7078
24.27	.71129
24.28	.71561
24.29	.7208
24.3	.72686
24.31	.73376
24.32	.74144
24.33	.7498
24.34	.75873
24.35	.76807
24.36	.77769
24.37	.78741
24.38	.79709
24.39	.80654
24.4	.81561
24.41	.82413
24.42	.83193
24.43	.83883
24.44	.84466
24.45	.84924
24.46	.8524
24.47	.85401
24.48	.85395
24.49	.85215
24.5	.8486
24.51	.84335
24.52	.83651
24.53	.82824
24.54	.81878
24.55	.80838
24.56	.79732
24.57	.78589
24.58	.77436
24.59	.76299
24.6	.75202
24.61	.74161
24.62	.73192
24.63	.72307
24.64	.71512
24.65	.70815
24.66	.70218
24.67	.69726
24.68	.6934
24.69	.69064
24.7	.689
24.71	.68851
24.72	.6892
24.73	.69108
24.74	.69414
24.75	.69836
24.76	.70369
24.77	.71002
24.78	.71725
24.79	.7252
24.8	.73368
24.81	.74247
24.82	.75129
24.83	.75989
24.84	.76797
24.85	.77525
24.86	.78148
24.87	.78645
24.88	.78997
24.89	.79195
24.9	.79237
24.91	.79126
24.92	.78876
24.93	.78506
24.94	.78041
24.95	.77509
24.96	.76941
24.97	.76368
24.98	.75818
24.99	.75318
25	.7489
25.01	.74552
25.02	.74317
25.03	.74193
25.04	.74184
25.05	.74291
25.06	.74509
25.07	.74832
25.08	.75252
25.09	.75758
25.1	.76336
25.11	.76972
25.12	.7765
25.13	.78351
25.14	.79055
25.15	.79738
25.16	.80376
25.17	.80943
25.18	.81414
25.19	.81762
25.2	.81966
25.21	.82006
25.22	.8187
25.23	.81549
25.24	.81044
25.25	.80363
25.26	.79522
25.27	.78542
25.28	.77451
25.29	.76279
25.3	.75061
25.31	.73829
25.32	.72617
25.33	.71454
25.34	.70366
25.35	.69375
25.36	.68496
25.37	.67738
25.38	.67107
25.39	.666
25.4	.66212
25.41	.6593
25.42	.65742
25.43	.65628
25.44	.65572
25.45	.65552
25.46	.65551
25.47	.65551
25.48	.65538
25.49	.65501
25.5	.65432
25.51	.65327
25.52	.65184
25.53	.65005
25.54	.64797
25.55	.64566
25.56	.64322
25.57	.64076
25.58	.63839
25.59	.63625
25.6	.63445
25.61	.63314
25.62	.63241
25.63	.63237
25.64	.63309
25.65	.63461
25.66	.63695
25.67	.64007
25.68	.64393
25.69	.64842
25.7	.65344
25.71	.65885
25.72	.66453
25.73	.67035
25.74	.67618
25.75	.68195
25.76	.68756
25.77	.69298
25.78	.69817
25.79	.7031
25.8	.70777
25.81	.71216
25.82	.71625
25.83	.72
25.84	.7234
25.85	.72638
25.86	.72893
25.87	.731
25.88	.73256
25.89	.73361
25.9	.73414
25.91	.73419
25.92	.73378
25.93	.73298
25.94	.73186
25.95	.73049
25.96	.72898
25.97	.72742
25.98	.72592
25.99	.72456
26	.72346
26.01	.72269
26.02	.72234
26.03	.72246
26.04	.72311
26.05	.72431
26.06	.72608
26.07	.72844
26.08	.73136
26.09	.73484
26.1	.73885
26.11	.74334
26.12	.74825
26.13	.75351
26.14	.75904
26.15	.76471
26.16	.77041
26.17	.77599
26.18	.78131
26.19	.78624
26.2	.79066
26.21	.79448
26.22	.79764
26.23	.80012
26.24	.80196
26.25	.80322
26.26	.804
26.27	.80442
26.28	.80463
26.29	.80474
26.3	.8049
26.31	.8052
26.32	.80572
26.33	.80655
26.34	.80771
26.35	.80924
26.36	.81116
26.37	.8135
26.38	.81627
26.39	.8195
26.4	.82323
26.41	.82746
26.42	.83224
26.43	.83757
26.44	.84344
26.45	.84984
26.46	.8567
26.47	.86395
26.48	.87151
26.49	.87925
26.5	.88708
26.51	.89489
26.52	.90259
26.53	.91015
26.54	.91755
26.55	.9248
26.56	.93197
26.57	.93912
26.58	.94634
26.59	.95367
26.6	.96113
26.61	.9687
26.62	.97627
26.63	.98368
26.64	.99071
26.65	.99714
26.66	1.0026
26.67	1.0071
26.68	1.0101
26.69	1.0118
26.7	1.0119
26.71	1.0106
26.72	1.008
26.73	1.0043
26.74	.99995
26.75	.99515
26.76	.99036
26.77	.986
26.78	.98245
26.79	.98007
26.8	.97913
26.81	.97983
26.82	.98223
26.83	.98632
26.84	.99194
26.85	.9988
26.86	1.0064
26.87	1.0145
26.88	1.0223
26.89	1.0292
26.9	1.0346
26.91	1.038
26.92	1.0388
26.93	1.0367
26.94	1.0315
26.95	1.0232
26.96	1.012
26.97	.99811
26.98	.98202
26.99	.9643
27	.94552
27.01	.9263
27.02	.90717
27.03	.88863
27.04	.87103
27.05	.85465
27.06	.83964
27.07	.82605
27.08	.81386
27.09	.80299
27.1	.79331
27.11	.78469
27.12	.777
27.13	.77009
27.14	.76388
27.15	.75828
27.16	.75322
27.17	.74866
27.18	.74457
27.19	.74093
27.2	.7377
27.21	.73487
27.22	.73242
27.23	.73033
27.24	.7286
27.25	.72722
27.26	.7262
27.27	.72557
27.28	.72534
27.29	.72557
27.3	.72631
27.31	.72762
27.32	.72952
27.33	.73206
27.34	.73524
27.35	.73902
27.36	.74332
27.37	.74804
27.38	.753
27.39	.75798
27.4	.76274
27.41	.76701
27.42	.77049
27.43	.77291
27.44	.77402
27.45	.77364
27.46	.77162
27.47	.76792
27.48	.76257
27.49	.75569
27.5	.74746
27.51	.73815
27.52	.72807
27.53	.71756
27.54	.70695
27.55	.69659
27.56	.68677
27.57	.67776
27.58	.66978
27.59	.66297
27.6	.65746
27.61	.65328
27.62	.65045
27.63	.64892
27.64	.64862
27.65	.64943
27.66	.65122
27.67	.65384
27.68	.65712
27.69	.66087
27.7	.66491
27.71	.66904
27.72	.67307
27.73	.6768
27.74	.68006
27.75	.68267
27.76	.68451
27.77	.68546
27.78	.68545
27.79	.68447
27.8	.68254
27.81	.67974
27.82	.67618
27.83	.67204
27.84	.66748
27.85	.6627
27.86	.65791
27.87	.65326
27.88	.64892
27.89	.645
27.9	.64159
27.91	.63871
27.92	.63639
27.93	.6346
27.94	.6333
27.95	.63242
27.96	.63192
27.97	.63172
27.98	.63176
27.99	.632
28	.63237
28.01	.63283
28.02	.63335
28.03	.63389
28.04	.63444
28.05	.63499
28.06	.63555
28.07	.63615
28.08	.63685
28.09	.63772
28.1	.63887
28.11	.64042
28.12	.6425
28.13	.64524
28.14	.64874
28.15	.65308
28.16	.65828
28.17	.66431
28.18	.67107
28.19	.67841
28.2	.6861
28.21	.69388
28.22	.70145
28.23	.70852
28.24	.71481
28.25	.72006
28.26	.72409
28.27	.72677
28.28	.72806
28.29	.72797
28.3	.72662
28.31	.72414
28.32	.72073
28.33	.7166
28.34	.71196
28.35	.70702
28.36	.70194
28.37	.69685
28.38	.69184
28.39	.68694
28.4	.68217
28.41	.67752
28.42	.67294
28.43	.66842
28.44	.66391
28.45	.65942
28.46	.65494
28.47	.6505
28.48	.64613
28.49	.64188
28.5	.63779
28.51	.63392
28.52	.63028
28.53	.62691
28.54	.62379
28.55	.62092
28.56	.61825
28.57	.61575
28.58	.61338
28.59	.61108
28.6	.60881
28.61	.60655
28.62	.60429
28.63	.60204
28.64	.59982
28.65	.5977
28.66	.59573
28.67	.594
28.68	.59259
28.69	.59158
28.7	.59105
28.71	.59104
28.72	.59158
28.73	.59265
28.74	.59418
28.75	.59606
28.76	.59815
28.77	.60024
28.78	.6021
28.79	.60349
28.8	.60416
28.81	.60387
28.82	.60242
28.83	.59968
28.84	.59557
28.85	.59009
28.86	.58332
28.87	.57539
28.88	.56654
28.89	.55701
28.9	.54708
28.91	.53708
28.92	.52727
28.93	.51794
28.94	.50931
28.95	.50159
28.96	.49492
28.97	.4894
28.98	.48508
28.99	.48199
29	.4801
29.01	.47936
29.02	.47971
29.03	.48106
29.04	.48332
29.05	.48637
29.06	.49012
29.07	.49445
29.08	.49927
29.09	.50447
29.1	.50996
29.11	.51565
29.12	.52148
29.13	.52738
29.14	.53327
29.15	.53911
29.16	.54485
29.17	.55043
29.18	.55582
29.19	.56097
29.2	.56585
29.21	.57042
29.22	.57466
29.23	.57858
29.24	.58217
29.25	.5855
29.26	.58863
29.27	.59167
29.28	.59475
29.29	.59806
29.3	.60177
29.31	.60609
29.32	.61123
29.33	.61736
29.34	.62465
29.35	.63321
29.36	.64307
29.37	.65422
29.38	.66653
29.39	.67978
29.4	.69368
29.41	.70784
29.42	.72182
29.43	.7351
29.44	.74721
29.45	.75765
29.46	.76601
29.47	.77197
29.48	.77532
29.49	.77599
29.5	.77406
29.51	.76972
29.52	.76329
29.53	.75518
29.54	.74584
29.55	.73575
29.56	.72538
29.57	.71515
29.58	.70543
29.59	.69649
29.6	.68855
29.61	.68173
29.62	.67608
29.63	.6716
29.64	.66824
29.65	.66593
29.66	.66458
29.67	.6641
29.68	.66441
29.69	.66543
29.7	.66712
29.71	.66944
29.72	.67237
29.73	.67592
29.74	.68009
29.75	.68491
29.76	.6904
29.77	.6966
29.78	.70354
29.79	.71125
29.8	.71975
29.81	.72904
29.82	.73909
29.83	.74984
29.84	.76118
29.85	.77296
29.86	.78497
29.87	.79696
29.88	.80864
29.89	.81971
29.9	.82985
29.91	.83879
29.92	.8463
29.93	.85221
29.94	.85645
29.95	.85904
29.96	.86008
29.97	.85975
29.98	.8583
29.99	.85601
30	.85318
30.01	.67378
30.02	.65387
30.03	.63455
30.04	.61579
30.05	.59759
30.06	.57993
30.07	.56279
30.08	.54616
30.09	.53002
30.1	.51435
30.11	.49915
30.12	.4844
30.13	.47008
30.14	.45619
30.15	.44271
30.16	.42962
30.17	.41693
30.18	.4046
30.19	.39265
30.2	.38104
30.21	.36978
30.22	.35885
30.23	.34824
30.24	.33795
30.25	.32796
30.26	.31827
30.27	.30886
30.28	.29974
30.29	.29088
30.3	.28228
30.31	.27394
30.32	.26584
30.33	.25798
30.34	.25036
30.35	.24296
30.36	.23578
30.37	.22881
30.38	.22205
30.39	.21549
30.4	.20912
30.41	.20294
30.42	.19694
30.43	.19112
30.44	.18547
30.45	.17999
30.46	.17467
30.47	.16951
30.48	.1645
30.49	.15963
30.5	.15492
30.51	.15034
30.52	.14589
30.53	.14158
30.54	.1374
30.55	.13334
30.56	.1294
30.57	.12557
30.58	.12186
30.59	.11826
30.6	.11476
30.61	.11137
30.62	.10808
30.63	.10489
30.64	.10179
30.65	.098782
30.66	.095862
30.67	.093029
30.68	.09028
30.69	.087612
30.7	.085022
30.71	.082509
30.72	.080071
30.73	.077704
30.74	.075408
30.75	.073179
30.76	.071016
30.77	.068918
30.78	.066881
30.79	.064904
30.8	.062986
30.81	.061124
30.82	.059318
30.83	.057565
30.84	.055863
30.85	.054212
30.86	.05261
30.87	.051055
30.88	.049546
30.89	.048082
30.9	.046661
30.91	.045282
30.92	.043943
30.93	.042645
30.94	.041384
30.95	.040161
30.96	.038974
30.97	.037823
30.98	.036705
30.99	.03562
31	.034567
31.01	.033546
31.02	.032554
31.03	.031592
31.04	.030658
31.05	.029752
31.06	.028873
31.07	.028019
31.08	.027191
31.09	.026388
31.1	.025608
31.11	.024851
31.12	.024117
31.13	.023404
31.14	.022712
31.15	.022041
31.16	.021389
31.17	.020757
31.18	.020144
31.19	.019548
31.2	.01897
31.21	.01841
31.22	.017866
31.23	.017338
31.24	.016825
31.25	.016328
31.26	.015845
31.27	.015377
31.28	.014923
31.29	.014482
31.3	.014054
31.31	.013638
31.32	.013235
31.33	.012844
31.34	.012464
31.35	.012096
31.36	.011738
31.37	.011391
31.38	.011055
31.39	.010728
31.4	.010411
31.41	.010103
31.42	.0098052
31.43	.0095152
31.44	.0092342
31.45	.0089612
31.46	.0086963
31.47	.0084393
31.48	.0081899
31.49	.0079479
31.5	.007713
31.51	.0074849
31.52	.0072639
31.53	.007049
31.54	.0068407
31.55	.0066385
31.56	.0064423
31.57	.006252
31.58	.0060672
31.59	.0058879
31.6	.0057139
31.61	.0055449
31.62	.0053811
31.63	.005222
31.64	.0050678
31.65	.0049178
31.66	.0047726
31.67	.0046315
31.68	.0044946
31.69	.0043618
31.7	.0042328
31.71	.0041077
31.72	.0039863
31.73	.0038685
31.74	.0037541
31.75	.0036432
31.76	.0035355
31.77	.003431
31.78	.0033297
31.79	.0032312
31.8	.0031356
31.81	.0030431
31.82	.002953
31.83	.0028657
31.84	.0027811
31.85	.0026989
31.86	.0026192
31.87	.0025417
31.88	.0024666
31.89	.0023937
31.9	.0023229
31.91	.0022542
31.92	.0021877
31.93	.0021231
31.94	.0020604
31.95	.0019993
31.96	.0019402
31.97	.001883
31.98	.0018272
31.99	.0017733
32	.0017209
32.01	.0016701
32.02	.0016207
32.03	.0015728
32.04	.0015263
32.05	.0014812
32.06	.0014374
32.07	.0013949
32.08	.0013537
32.09	.0013136
32.1	.0012748
32.11	.0012371
32.12	.0012006
32.13	.0011651
32.14	.0011305
32.15	.0010972
32.16	.0010647
32.17	.0010333
32.18	.0010027
32.19	.0009732
32.2	.0009443
32.21	.0009164
32.22	.0008893
32.23	.000863
32.24	.0008375
32.25	.0008127
32.26	.0007886
32.27	.0007655
32.28	.0007429
32.29	.0007209
32.3	.0006995
32.31	.000679
32.32	.0006587
32.33	.0006394
32.34	.0006203
32.35	.0006022
32.36	.0005843
32.37	.0005669
32.38	.0005502
32.39	.000534
32.4	.0005183
32.41	.0005028
32.42	.000488
32.43	.0004737
32.44	.0004596
32.45	.000446
32.46	.0004329
32.47	.00042
32.48	.0004076
32.49	.0003955
32.5	.0003838
32.51	.0003726
32.52	.0003614
32.53	.0003509
32.54	.0003404
32.55	.0003304
32.56	.0003206
32.57	.0003111
32.58	.0003018
32.59	.000293
32.6	.0002844
32.61	.0002758
32.62	.0002677
32.63	.0002598
32.64	.0002522
32.65	.0002448
32.66	.0002374
32.67	.0002305
32.68	.0002236
32.69	.0002169
32.7	.0002105
32.71	.0002043
32.72	.0001983
32.73	.0001924
32.74	.0001866
32.75	.0001811
32.76	.0001759
32.77	.0001707
32.78	.0001657
32.79	.0001606
32.8	.0001559
32.81	.0001513
32.82	.0001468
32.83	.0001425
32.84	.0001382
32.85	.0001342
32.86	.0001301
32.87	.0001263
32.88	.0001227
32.89	.0001189
32.9	.0001156
32.91	.000112
32.92	.0001087
32.93	.0001056
32.94	.0001025
32.95	.0000994
32.96	.0000965
32.97	.0000936
32.98	.0000908
32.99	.0000882
33	.0000855
33.01	.0000829
33.02	.0000805
33.03	.0000782
33.04	.0000758
33.05	.0000736
33.06	.0000715
33.07	.0000693
33.08	.0000672
33.09	.0000653
33.1	.0000634
33.11	.0000615
33.12	.0000596
33.13	.0000579
33.14	.0000562
33.15	.0000545
33.16	.0000529
33.17	.0000512
33.18	.0000498
33.19	.0000483
33.2	.0000469
33.21	.0000455
33.22	.0000441
33.23	.0000429
33.24	.0000414
33.25	.0000402
33.26	.0000391
33.27	.0000379
33.28	.0000369
33.29	.0000357
33.3	.0000348
33.31	.0000336
33.32	.0000326
33.33	.0000317
33.34	.0000307
33.35	.0000298
33.36	.000029
33.37	.0000281
33.38	.0000271
33.39	.0000264
33.4	.0000257
33.41	.000025
33.42	.000024
33.43	.0000233
33.44	.0000228
33.45	.0000221
33.46	.0000214
33.47	.0000207
33.48	.0000202
33.49	.0000195
33.5	.000019
33.51	.0000183
33.52	.0000178
33.53	.0000174
33.54	.0000169
33.55	.0000164
33.56	.0000157
33.57	.0000152
33.58	.000015
33.59	.0000145
33.6	.000014
33.61	.0000135
33.62	.0000131
33.63	.0000128
33.64	.0000123
33.65	.0000121
33.66	.0000116
33.67	.0000114
33.68	.0000109
33.69	.0000107
33.7	.0000104
33.71	.00001
33.72	9.77E-06
33.73	9.53E-06
33.74	9.29E-06
33.75	8.82E-06
33.76	8.58E-06
33.77	8.34E-06
33.78	8.10E-06
33.79	7.86E-06
33.8	7.62E-06
33.81	7.39E-06
33.82	7.15E-06
33.83	6.91E-06
33.84	6.67E-06
33.85	6.67E-06
33.86	6.43E-06
33.87	6.19E-06
33.88	5.96E-06
33.89	5.72E-06
33.9	5.72E-06
33.91	5.48E-06
33.92	5.24E-06
33.93	5.24E-06
33.94	5.00E-06
33.95	4.76E-06
33.96	4.76E-06
33.97	4.52E-06
33.98	4.52E-06
33.99	4.29E-06
34	4.05E-06
34.01	4.05E-06
34.02	3.81E-06
34.03	3.81E-06
34.04	3.57E-06
34.05	3.57E-06
34.06	3.33E-06
34.07	3.33E-06
34.08	3.33E-06
34.09	3.09E-06
34.1	3.09E-06
34.11	2.86E-06
34.12	2.86E-06
34.13	2.86E-06
34.14	2.62E-06
34.15	2.62E-06
34.16	2.62E-06
34.17	2.38E-06
34.18	2.38E-06
34.19	2.38E-06
34.2	2.14E-06
34.21	2.14E-06
34.22	2.14E-06
34.23	1.90E-06
34.24	1.90E-06
34.25	1.90E-06
34.26	1.90E-06
34.27	1.66E-06
34.28	1.66E-06
34.29	1.66E-06
34.3	1.66E-06
34.31	1.66E-06
34.32	1.43E-06
34.33	1.43E-06
34.34	1.43E-06
34.35	1.43E-06
34.36	1.43E-06
34.37	1.19E-06
34.38	1.19E-06
34.39	1.19E-06
34.4	1.19E-06
34.41	1.19E-06
34.42	1.19E-06
34.43	9.53E-07
34.44	9.53E-07
34.45	9.53E-07
34.46	9.53E-07
34.47	9.53E-07
34.48	9.53E-07
34.49	9.53E-07
34.5	7.15E-07
34.51	7.15E-07
34.52	7.15E-07
34.53	7.15E-07
34.54	7.15E-07
34.55	7.15E-07
34.56	7.15E-07
34.57	7.15E-07
34.58	7.15E-07
34.59	7.15E-07
34.6	4.76E-07
34.61	4.76E-07
34.62	4.76E-07
34.63	4.76E-07
34.64	4.76E-07
34.65	4.76E-07
34.66	4.76E-07
34.67	4.76E-07
34.68	4.76E-07
34.69	4.76E-07
34.7	4.76E-07
34.71	4.76E-07
34.72	4.76E-07
34.73	4.76E-07
34.74	2.38E-07
34.75	2.38E-07
34.76	2.38E-07
34.77	2.38E-07
34.78	2.38E-07
34.79	2.38E-07
34.8	2.38E-07
34.81	2.38E-07
34.82	2.38E-07
34.83	2.38E-07
34.84	2.38E-07
34.85	2.38E-07
34.86	2.38E-07
34.87	2.38E-07
34.88	2.38E-07
34.89	2.38E-07
34.9	2.38E-07
34.91	2.38E-07
34.92	2.38E-07
34.93	2.38E-07
34.94	2.38E-07
34.95	2.38E-07
34.96	2.38E-07
34.97	0
34.98	0
34.99	0
35	0
35.01	0
35.02	0
35.03	0
35.04	0
35.05	0
35.06	0
35.07	0
35.08	0
35.09	0
35.1	0
35.11	0
35.12	0
35.13	0
35.14	0
35.15	0
35.16	0
35.17	0
35.18	0
35.19	0
35.2	0
35.21	0
35.22	0
35.23	0
35.24	0
35.25	0
35.26	0
35.27	0
35.28	0
35.29	0
35.3	0
35.31	0
35.32	0
35.33	0
35.34	0
35.35	0
35.36	0
35.37	0
35.38	0
35.39	0
35.4	0
35.41	0
35.42	0
35.43	0
35.44	0
35.45	0
35.46	0
35.47	0
35.48	0
35.49	0
35.5	0
35.51	0
35.52	0
35.53	0
35.54	0
35.55	0
35.56	0
35.57	0
35.58	0
35.59	0
35.6	0
35.61	0
35.62	0
35.63	0
35.64	0
35.65	0
35.66	0
35.67	0
35.68	0
35.69	0
35.7	0
35.71	0
35.72	0
35.73	0
35.74	0
35.75	0
35.76	0
35.77	0
35.78	0
35.79	0
35.8	0
35.81	0
35.82	0
35.83	0
35.84	0
35.85	0
35.86	0
35.87	0
35.88	0
35.89	0
35.9	0
35.91	0
35.92	0
35.93	0
35.94	0
35.95	0
35.96	0
35.97	0
35.98	0
35.99	0
36	0
36.01	0
36.02	0
36.03	0
36.04	0
36.05	0
36.06	0
36.07	0
36.08	0
36.09	0
36.1	0
36.11	0
36.12	0
36.13	0
36.14	0
36.15	0
36.16	0
36.17	0
36.18	0
36.19	0
36.2	0
36.21	0
36.22	0
36.23	0
36.24	0
36.25	0
36.26	0
36.27	0
36.28	0
36.29	0
36.3	0
36.31	0
36.32	0
36.33	0
36.34	0
36.35	0
36.36	0
36.37	0
36.38	0
36.39	0
36.4	0
36.41	0
36.42	0
36.43	0
36.44	0
36.45	0
36.46	0
36.47	0
36.48	0
36.49	0
36.5	0
36.51	0
36.52	0
36.53	0
36.54	0
36.55	0
36.56	0
36.57	0
36.58	0
36.59	0
36.6	0
36.61	0
36.62	0
36.63	0
36.64	0
36.65	0
36.66	0
36.67	0
36.68	0
36.69	0
36.7	0
36.71	0
36.72	0
36.73	0
36.74	0
36.75	0
36.76	0
36.77	0
36.78	0
36.79	0
36.8	0
36.81	0
36.82	0
36.83	0
36.84	0
36.85	0
36.86	0
36.87	0
36.88	0
36.89	0
36.9	0
36.91	0
36.92	0
36.93	0
36.94	0
36.95	0
36.96	0
36.97	0
36.98	0
36.99	0
37	0
37.01	0
37.02	0
37.03	0
37.04	0
37.05	0
37.06	0
37.07	0
37.08	0
37.09	0
37.1	0
37.11	0
37.12	0
37.13	0
37.14	0
37.15	0
37.16	0
37.17	0
37.18	0
37.19	0
37.2	0
37.21	0
37.22	0
37.23	0
37.24	0
37.25	0
37.26	0
37.27	0
37.28	0
37.29	0
37.3	0
37.31	0
37.32	0
37.33	0
37.34	0
37.35	0
37.36	0
37.37	0
37.38	0
37.39	0
37.4	0
37.41	0
37.42	0
37.43	0
37.44	0
37.45	0
37.46	0
37.47	0
37.48	0
37.49	0
37.5	0
37.51	0
37.52	0
37.53	0
37.54	0
37.55	0
37.56	0
37.57	0
37.58	0
37.59	0
37.6	0
37.61	0
37.62	0
37.63	0
37.64	0
37.65	0
37.66	0
37.67	0
37.68	0
37.69	0
37.7	0
37.71	0
37.72	0
37.73	0
37.74	0
37.75	0
37.76	0
37.77	0
37.78	0
37.79	0
37.8	0
37.81	0
37.82	0
37.83	0
37.84	0
37.85	0
37.86	0
37.87	0
37.88	0
37.89	0
37.9	0
37.91	0
37.92	0
37.93	0
37.94	0
37.95	0
37.96	0
37.97	0
37.98	0
37.99	0
38	0
38.01	0
38.02	0
38.03	0
38.04	0
38.05	0
38.06	0
38.07	0
38.08	0
38.09	0
38.1	0
38.11	0
38.12	0
38.13	0
38.14	0
38.15	0
38.16	0
38.17	0
38.18	0
38.19	0
38.2	0
38.21	0
38.22	0
38.23	0
38.24	0
38.25	0
38.26	0
38.27	0
38.28	0
38.29	0
38.3	0
38.31	0
38.32	0
38.33	0
38.34	0
38.35	0
38.36	0
38.37	0
38.38	0
38.39	0
38.4	0
38.41	0
38.42	0
38.43	0
38.44	0
38.45	0
38.46	0
38.47	0
38.48	0
38.49	0
38.5	0
38.51	0
38.52	0
38.53	0
38.54	0
38.55	0
38.56	0
38.57	0
38.58	0
38.59	0
38.6	0
38.61	0
38.62	0
38.63	0
38.64	0
38.65	0
38.66	0
38.67	0
38.68	0
38.69	0
38.7	0
38.71	0
38.72	0
38.73	0
38.74	0
38.75	0
38.76	0
38.77	0
38.78	0
38.79	0
38.8	0
38.81	0
38.82	0
38.83	0
38.84	0
38.85	0
38.86	0
38.87	0
38.88	0
38.89	0
38.9	0
38.91	0
38.92	0
38.93	0
38.94	0
38.95	0
38.96	0
38.97	0
38.98	0
38.99	0
39	0
39.01	0
39.02	0
39.03	0
39.04	0
39.05	0
39.06	0
39.07	0
39.08	0
39.09	0
39.1	0
39.11	0
39.12	0
39.13	0
39.14	0
39.15	0
39.16	0
39.17	0
39.18	0
39.19	0
39.2	0
39.21	0
39.22	0
39.23	0
39.24	0
39.25	0
39.26	0
39.27	0
39.28	0
39.29	0
39.3	0
39.31	0
39.32	0
39.33	0
39.34	0
39.35	0
39.36	0
39.37	0
39.38	0
39.39	0
39.4	0
39.41	0
39.42	0
39.43	0
39.44	0
39.45	0
39.46	0
39.47	0
39.48	0
39.49	0
39.5	0
39.51	0
39.52	0
39.53	0
39.54	0
39.55	0
39.56	0
39.57	0
39.58	0
39.59	0
39.6	0
39.61	0
39.62	0
39.63	0
39.64	0
39.65	0
39.66	0
39.67	0
39.68	0
39.69	0
39.7	0
39.71	0
39.72	0
39.73	0
39.74	0
39.75	0
39.76	0
39.77	0
39.78	0
39.79	0
39.8	0
39.81	0
39.82	0
39.83	0
39.84	0
39.85	0
39.86	0
39.87	0
39.88	0
39.89	0
39.9	0
39.91	0
39.92	0
39.93	0
39.94	0
39.95	0
39.96	0
39.97	0
39.98	0
39.99	0
40	0
40.01	0
40.02	0
40.03	0
40.04	0
40.05	0
40.06	0
40.07	0
40.08	0
40.09	0
40.1	0
40.11	0
40.12	0
40.13	0
40.14	0
40.15	0
40.16	0
40.17	0
40.18	0
40.19	0
40.2	0
40.21	0
40.22	0
40.23	0
40.24	0
40.25	0
40.26	0
40.27	0
40.28	0
40.29	0
40.3	0
40.31	0
40.32	0
40.33	0
40.34	0
40.35	0
40.36	0
40.37	0
40.38	0
40.39	0
40.4	0
40.41	0
40.42	0
40.43	0
40.44	0
40.45	0
40.46	0
40.47	0
40.48	0
40.49	0
40.5	0
40.51	0
40.52	0
40.53	0
40.54	0
40.55	0
40.56	0
40.57	0
40.58	0
40.59	0
40.6	0
40.61	0
40.62	0
40.63	0
40.64	0
40.65	0
40.66	0
40.67	0
40.68	0
40.69	0
40.7	0
40.71	0
40.72	0
40.73	0
40.74	0
40.75	0
40.76	0
40.77	0
40.78	0
40.79	0
40.8	0
40.81	0
40.82	0
40.83	0
40.84	0
40.85	0
40.86	0
40.87	0
40.88	0
40.89	0
40.9	0
40.91	0
40.92	0
40.93	0
40.94	0
40.95	0
40.96	0
40.97	0
40.98	0
40.99	0
41	0
41.01	0
41.02	0
41.03	0
41.04	0
41.05	0
41.06	0
41.07	0
41.08	0
41.09	0
41.1	0
41.11	0
41.12	0
41.13	0
41.14	0
41.15	0
41.16	0
41.17	0
41.18	0
41.19	0
41.2	0
41.21	0
41.22	0
41.23	0
41.24	0
41.25	0
41.26	0
41.27	0
41.28	0
41.29	0
41.3	0
41.31	0
41.32	0
41.33	0
41.34	0
41.35	0
41.36	0
41.37	0
41.38	0
41.39	0
41.4	0
41.41	0
41.42	0
41.43	0
41.44	0
41.45	0
41.46	0
41.47	0
41.48	0
41.49	0
41.5	0
41.51	0
41.52	0
41.53	0
41.54	0
41.55	0
41.56	0
41.57	0
41.58	0
41.59	0
41.6	0
41.61	0
41.62	0
41.63	0
41.64	0
41.65	0
41.66	0
41.67	0
41.68	0
41.69	0
41.7	0
41.71	0
41.72	0
41.73	0
41.74	0
41.75	0
41.76	0
41.77	0
41.78	0
41.79	0
41.8	0
41.81	0
41.82	0
41.83	0
41.84	0
41.85	0
41.86	0
41.87	0
41.88	0
41.89	0
41.9	0
41.91	0
41.92	0
41.93	0
41.94	0
41.95	0
41.96	0
41.97	0
41.98	0
41.99	0
42	0
42.01	0
42.02	0
42.03	0
42.04	0
42.05	0
42.06	0
42.07	0
42.08	0
42.09	0
42.1	0
42.11	0
42.12	0
42.13	0
42.14	0
42.15	0
42.16	0
42.17	0
42.18	0
42.19	0
42.2	0
42.21	0
42.22	0
42.23	0
42.24	0
42.25	0
42.26	0
42.27	0
42.28	0
42.29	0
42.3	0
42.31	0
42.32	0
42.33	0
42.34	0
42.35	0
42.36	0
42.37	0
42.38	0
42.39	0
42.4	0
42.41	0
42.42	0
42.43	0
42.44	0
42.45	0
42.46	0
42.47	0
42.48	0
42.49	0
42.5	0
42.51	0
42.52	0
42.53	0
42.54	0
42.55	0
42.56	0
42.57	0
42.58	0
42.59	0
42.6	0
42.61	0
42.62	0
42.63	0
42.64	0
42.65	0
42.66	0
42.67	0
42.68	0
42.69	0
42.7	0
42.71	0
42.72	0
42.73	0
42.74	0
42.75	0
42.76	0
42.77	0
42.78	0
42.79	0
42.8	0
42.81	0
42.82	0
42.83	0
42.84	0
42.85	0
42.86	0
42.87	0
42.88	0
42.89	0
42.9	0
42.91	0
42.92	0
42.93	0
42.94	0
42.95	0
42.96	0
42.97	0
42.98	0
42.99	0
43	0
43.01	0
43.02	0
43.03	0
43.04	0
43.05	0
43.06	0
43.07	0
43.08	0
43.09	0
43.1	0
43.11	0
43.12	0
43.13	0
43.14	0
43.15	0
43.16	0
43.17	0
43.18	0
43.19	0
43.2	0
43.21	0
43.22	0
43.23	0
43.24	0
43.25	0
43.26	0
43.27	0
43.28	0
43.29	0
43.3	0
43.31	0
43.32	0
43.33	0
43.34	0
43.35	0
43.36	0
43.37	0
43.38	0
43.39	0
43.4	0
43.41	0
43.42	0
43.43	0
43.44	0
43.45	0
43.46	0
43.47	0
43.48	0
43.49	0
43.5	0
43.51	0
43.52	0
43.53	0
43.54	0
43.55	0
43.56	0
43.57	0
43.58	0
43.59	0
43.6	0
43.61	0
43.62	0
43.63	0
43.64	0
43.65	0
43.66	0
43.67	0
43.68	0
43.69	0
43.7	0
43.71	0
43.72	0
43.73	0
43.74	0
43.75	0
43.76	0
43.77	0
43.78	0
43.79	0
43.8	0
43.81	0
43.82	0
43.83	0
43.84	0
43.85	0
43.86	0
43.87	0
43.88	0
43.89	0
43.9	0
43.91	0
43.92	0
43.93	0
43.94	0
43.95	0
43.96	0
43.97	0
43.98	0
43.99	0
44	0
44.01	0
44.02	0
44.03	0
44.04	0
44.05	0
44.06	0
44.07	0
44.08	0
44.09	0
44.1	0
44.11	0
44.12	0
44.13	0
44.14	0
44.15	0
44.16	0
44.17	0
44.18	0
44.19	0
44.2	0
44.21	0
44.22	0
44.23	0
44.24	0
44.25	0
44.26	0
44.27	0
44.28	0
44.29	0
44.3	0
44.31	0
44.32	0
44.33	0
44.34	0
44.35	0
44.36	0
44.37	0
44.38	0
44.39	0
44.4	0
44.41	0
44.42	0
44.43	0
44.44	0
44.45	0
44.46	0
44.47	0
44.48	0
44.49	0
44.5	0
44.51	0
44.52	0
44.53	0
44.54	0
44.55	0
44.56	0
44.57	0
44.58	0
44.59	0
44.6	0
44.61	0
44.62	0
44.63	0
44.64	0
44.65	0
44.66	0
44.67	0
44.68	0
44.69	0
44.7	0
44.71	0
44.72	0
44.73	0
44.74	0
44.75	0
44.76	0
44.77	0
44.78	0
44.79	0
44.8	0
44.81	0
44.82	0
44.83	0
44.84	0
44.85	0
44.86	0
44.87	0
44.88	0
44.89	0
44.9	0
44.91	0
44.92	0
44.93	0
44.94	0
44.95	0
44.96	0
44.97	0
44.98	0
44.99	0
45	0
45.01	0
