1.200715569928304053e-20
1.180375053527376757e-20
1.142029801003528128e-20
1.113921168176992386e-20
1.097450383955294271e-20
1.086184892488079622e-20
1.076155481912926368e-20
1.065717038788158220e-20
1.054402960188675668e-20
1.042240112464408179e-20
1.029425929149060578e-20
1.016190424057606766e-20
1.002742905695712628e-20
9.892555792118478467e-21
9.758623575206367406e-21
9.626632881976912507e-21
9.497304711309512242e-21
9.371137942536676021e-21
9.248458997449658539e-21
9.129462582121782583e-21
9.014244136163434246e-21
