1.169399746845895934e-21
1.186078482182108211e-21
1.175472396151601748e-21
1.154860787696251979e-21
1.136171011225155989e-21
1.121644413878300461e-21
1.110875162419018607e-21
1.103057084928091840e-21
1.097486671839669079e-21
1.093629675327943803e-21
1.091095067947884413e-21
1.089598345922569674e-21
1.088931289454744591e-21
1.088939804275775401e-21
1.089508268431907663e-21
1.090548583072200008e-21
1.091992507567632517e-21
1.093786265361381099e-21
1.095886721060329171e-21
1.098258650982958610e-21
1.100872780774746796e-21
