3.032523445358401126e+00
3.031812396020986178e+00
3.030561572163648076e+00
3.028803126328254436e+00
3.026499072282875957e+00
3.023636035007810197e+00
3.020210507426893454e+00
3.016223831409543532e+00
3.011680293456224788e+00
3.006586275620880322e+00
3.000949814744372723e+00
2.994780338287059696e+00
2.988088483791077721e+00
2.980885961127884620e+00
2.973185438223549859e+00
2.965000440558787087e+00
2.956345259302013861e+00
2.947234865225473843e+00
2.937684826770865509e+00
2.927711231316648899e+00
2.917330609109859196e+00
2.906559859586694827e+00
2.895416179980110805e+00
2.883916996230946772e+00
2.872079896299038815e+00
2.859922566021479540e+00
2.847462727693807594e+00
2.834718081560020142e+00
2.821706250393547943e+00
2.808444727336501856e+00
2.794950827140900707e+00
2.781241640927112346e+00
2.767333994541771425e+00
2.753244410563451705e+00
2.738989073969809063e+00
2.724583801446433640e+00
2.710044014286294711e+00
2.695384714800005632e+00
2.680620466131219626e+00
2.665765375349884003e+00
2.650833079677087145e+00
2.635836735680286758e+00
2.620789011266678514e+00
2.605702080293314182e+00
2.590587619608258230e+00
2.575456808333956182e+00
2.560320329204095469e+00
2.545188371767386659e+00
2.530070637275514844e+00
2.514976345077874598e+00
2.499914240352393957e+00
2.484892603009456025e+00
2.469919257614202834e+00
2.455001584181425223e+00
2.440146529706624268e+00
2.425360620306123316e+00
2.410649973848592698e+00
2.396020312969815880e+00
2.381476978371669162e+00
2.367024942315144820e+00
2.352668822226018364e+00
2.338412894339748860e+00
2.324261107320274355e+00
2.310217095794444120e+00
2.296284193750965041e+00
2.282465447759099320e+00
2.268763629968192141e+00
2.255181250855002872e+00
2.241720571690430486e+00
2.228383616702257264e+00
2.215172184914590670e+00
2.202087861648520217e+00
2.189132029672133939e+00
2.176305879990909631e+00
2.163610422272581602e+00
2.151046494902798756e+00
2.138614774670328345e+00
2.126315786082275672e+00
2.114149910311671654e+00
2.102117393781161248e+00
2.090218356387802512e+00
2.078452799375067883e+00
2.066820612859098460e+00
2.055321583016983311e+00
2.043955398945477064e+00
2.032721659199056674e+00
2.021619878016693850e+00
2.010649491246868870e+00
1.999809861980737846e+00
1.989100285903329546e+00
1.978519996372887224e+00
1.968068169238307519e+00
1.957743927404727913e+00
1.947546345157133540e+00
1.937474452251795043e+00
1.927527237785129355e+00
1.917703653849461620e+00
1.908002618984887988e+00
1.898423021436266289e+00
1.888963722224128894e+00
1.879623558037970321e+00
1.870401343960258922e+00
1.861295876029096075e+00
1.852305933647276248e+00
1.843430281845209739e+00
1.834667673404854371e+00
1.826016850851619910e+00
1.817476548320818175e+00
1.809045493305108998e+00
1.800722408288981669e+00
1.792506012276185334e+00
1.784395022215688353e+00
1.776388154331557390e+00
1.768484125361815984e+00
1.760681653711280159e+00
1.752979460522924526e+00
1.745376270672352792e+00
1.737870813689502469e+00
1.730461824611709831e+00
1.723148044771958265e+00
1.715928222525939795e+00
1.708801113921464943e+00
1.701765483313502081e+00
1.694820103927962229e+00
1.687963758377283519e+00
1.681195239130575114e+00
1.674513348941059299e+00
1.667916901233331917e+00
1.661404720452873907e+00
1.654975642380083656e+00
1.648628514411034640e+00
1.642362195806976732e+00
1.636175557914538725e+00
1.630067484358472596e+00
1.624036871208689226e+00
1.618082627123212935e+00
1.612203673468626697e+00
1.606398944419469510e+00
1.600667387037982614e+00
1.595007961335504376e+00
1.589419640316779514e+00
1.583901410008313304e+00
1.578452269471921854e+00
1.573071230804463649e+00
1.567757319124798876e+00
1.562509572548836267e+00
1.557327042153601626e+00
1.552208791931096510e+00
1.547153898732765320e+00
1.542161452205262018e+00
1.537230554718242548e+00
1.532360321284782056e+00
1.527549879475072814e+00
1.522798369323933532e+00
1.518104943232686299e+00
1.513468765865914278e+00
1.508889014043540922e+00
1.504364876628712544e+00
1.499895554411878607e+00
1.495480259991460947e+00
1.491118217651492994e+00
1.486808663236561801e+00
1.482550844024359327e+00
1.478344018596196019e+00
1.474187456705683186e+00
1.470080439145910356e+00
1.466022257615341440e+00
1.462012214582640413e+00
1.458049623150680985e+00
1.454133806919888139e+00
1.450264099851156896e+00
1.446439846128467543e+00
1.442660400021397171e+00
1.438925125747637424e+00
1.435233397335710981e+00
1.431584598487957383e+00
1.427978122443948283e+00
1.424413371844425624e+00
1.420889758595858865e+00
1.417406703735727858e+00
1.413963637298611520e+00
1.410559998183150920e+00
1.407195234019987584e+00
1.403868801040700554e+00
1.400580163947833690e+00
1.397328795786078048e+00
1.394114177814610223e+00
1.390935799380679683e+00
1.387793157794466437e+00
1.384685758205237871e+00
1.381613113478853849e+00
1.378574744076629166e+00
1.375570177935591110e+00
1.372598950350162328e+00
1.369660603855248127e+00
1.366754688110800142e+00
1.363880759787821306e+00
1.361038382455851403e+00
1.358227126471917900e+00
1.355446568870996904e+00
1.352696293257933613e+00
1.349975889700875786e+00
1.347284954626182696e+00
1.344623090714842872e+00
1.341989906800359122e+00
1.339385017768132125e+00
1.336808044456315736e+00
1.334258613558150230e+00
1.331736357525748815e+00
1.329240914475348534e+00
1.326771928094013786e+00
1.324329047547758487e+00
1.321911927391110630e+00
1.319520227478078400e+00
1.317153612874523372e+00
1.314811753771926384e+00
1.312494325402511430e+00
1.310201007955751562e+00
1.307931486496204387e+00
1.305685450882689391e+00
1.303462595688778869e+00
1.301262620124586711e+00
1.299085227959848599e+00
1.296930127448268077e+00
1.294797031253120068e+00
1.292685656374090053e+00
1.290595724075330519e+00
1.288526959814734640e+00
1.286479093174384580e+00
1.284451857792184182e+00
1.282444991294636072e+00
1.280458235230766739e+00
1.278491335007172935e+00
1.276544039824169197e+00
1.274616102613030488e+00
1.272707279974304884e+00
1.270817332117185394e+00
1.268946022799919859e+00
1.267093119271250012e+00
1.265258392212852634e+00
1.263441615682777908e+00
1.261642567059864994e+00
1.259861026989115285e+00
1.258096779328013337e+00
1.256349611093777074e+00
1.254619312411523024e+00
1.252905676463332174e+00
1.251208499438200450e+00
1.249527580482856948e+00
1.247862721653442364e+00
1.246213727868022758e+00
1.244580406859932209e+00
1.242962569131933259e+00
1.241360027911167396e+00
1.239772599104895345e+00
1.238200101257012964e+00
1.236642355505313207e+00
1.235099185539508149e+00
1.233570417559970878e+00
1.232055880237202805e+00
1.230555404672009745e+00
1.229068824356361000e+00
1.227595975134947892e+00
1.226136695167393542e+00
1.224690824891138563e+00
1.223258206984957353e+00
1.221838686333120982e+00
1.220432109990177816e+00
1.219038327146348522e+00
1.217657189093521275e+00
1.216288549191841817e+00
1.214932262836876609e+00
1.213588187427353304e+00
1.212256182333455001e+00
1.210936108865668048e+00
1.209627830244166979e+00
1.208331211568730801e+00
1.207046119789177530e+00
1.205772423676312544e+00
1.204509993793373868e+00
1.203258702467979058e+00
1.202018423764541488e+00
1.200789033457177579e+00
1.199570409003068994e+00
1.198362429516284244e+00
1.197164975742056825e+00
1.195977930031493219e+00
1.194801176316726998e+00
1.193634600086487918e+00
1.192478088362094457e+00
1.191331529673853362e+00
1.190194814037865534e+00
1.189067832933223379e+00
1.187950479279600957e+00
1.186842647415216945e+00
1.185744233075185061e+00
1.184655133370216662e+00
1.183575246765697253e+00
1.182504473061109174e+00
1.181442713369804220e+00
1.180389870099119776e+00
1.179345846930827779e+00
1.178310548801913882e+00
1.177283881885677674e+00
1.176265753573156658e+00
1.175256072454853085e+00
1.174254748302773654e+00
1.173261692052767424e+00
1.172276815787157256e+00
1.171300032717664141e+00
1.170331257168613082e+00
1.169370404560419852e+00
1.168417391393351989e+00
1.167472135231559127e+00
1.166534554687368219e+00
1.165604569405836344e+00
1.164682100049562408e+00
1.163767068283747541e+00
1.162859396761499964e+00
1.161959009109383212e+00
1.161065829913203284e+00
1.160179784704024941e+00
1.159300799944420923e+00
1.158428803014941222e+00
1.157563722200810608e+00
1.156705486678833994e+00
1.155854026504522514e+00
1.155009272599425207e+00
1.154171156738664550e+00
1.153339611538678922e+00
1.152514570445158260e+00
1.151695967721179770e+00
1.150883738435527048e+00
1.150077818451208156e+00
1.149278144414147107e+00
1.148484653742064765e+00
1.147697284613534929e+00
1.146915975957214062e+00
1.146140667441246874e+00
1.145371299462836445e+00
1.144607813137984653e+00
1.143850150291392476e+00
1.143098253446521273e+00
1.142352065815812612e+00
1.141611531291063519e+00
1.140876594433949620e+00
1.140147200466702371e+00
1.139423295262930846e+00
1.138704825338587190e+00
1.137991737843077278e+00
1.137283980550504614e+00
1.136581501851056775e+00
1.135884250742523527e+00
1.135192176821948173e+00
1.134505230277408350e+00
1.133823361879925162e+00
1.133146522975495341e+00
1.132474665477251285e+00
1.131807741857738803e+00
1.131145705141313407e+00
1.130488508896658084e+00
1.129836107229411635e+00
1.129188454774912698e+00
1.128545506691053690e+00
1.127907218651246213e+00
1.127273546837491036e+00
1.126644447933555115e+00
1.126019879118254741e+00
1.125399798058835943e+00
1.124784162904461038e+00
1.124172932279789094e+00
1.123566065278654991e+00
1.122963521457847058e+00
1.122365260830973099e+00
1.121771243862422107e+00
1.121181431461417688e+00
1.120595784976157416e+00
1.120014266188041674e+00
1.119436837305989974e+00
1.118863460960840106e+00
1.118294100199829888e+00
1.117728718481167061e+00
1.117167279668670687e+00
1.116609748026498261e+00
1.116056088213951414e+00
1.115506265280352016e+00
1.114960244660003097e+00
1.114417992167213933e+00
1.113879473991407743e+00
1.113344656692292656e+00
1.112813507195110851e+00
1.112285992785952304e+00
1.111762081107137590e+00
1.111241740152671298e+00
1.110724938263756512e+00
1.110211644124379893e+00
1.109701826756955167e+00
1.109195455518034779e+00
1.108692500094079714e+00
1.108192930497293505e+00
1.107696717061513958e+00
1.107203830438163727e+00
1.106714241592262171e+00
1.106227921798489389e+00
1.105744842637312875e+00
1.105264975991162579e+00
1.104788294040666363e+00
1.104314769260935414e+00
1.103844374417904506e+00
1.103377082564722000e+00
1.102912867038194245e+00
1.102451701455276600e+00
1.101993559709617321e+00
1.101538415968147389e+00
1.101086244667719427e+00
1.100637020511795461e+00
1.100190718467178197e+00
1.099747313760789602e+00
1.099306781876494332e+00
1.098869098551968682e+00
1.098434239775610610e+00
1.098002181783493958e+00
1.097572901056367289e+00
1.097146374316689155e+00
1.096722578525708869e+00
1.096301490880587037e+00
1.095883088811553163e+00
1.095467349979104332e+00
1.095054252271243644e+00
1.094643773800753062e+00
1.094235892902506890e+00
1.093830588130821013e+00
1.093427838256835871e+00
1.093027622265940746e+00
1.092629919355225798e+00
1.092234708930975851e+00
1.091841970606192369e+00
1.091451684198152972e+00
1.091063829726002243e+00
1.090678387408374750e+00
1.090295337661050912e+00
1.089914661094643744e+00
1.089536338512318681e+00
1.089160350907538932e+00
1.088786679461847706e+00
1.088415305542676181e+00
1.088046210701178573e+00
1.087679376670102727e+00
1.087314785361682246e+00
1.086952418865560599e+00
1.086592259446741426e+00
1.086234289543565712e+00
1.085878491765716491e+00
1.085524848892250205e+00
1.085173343869651141e+00
1.084823959809915417e+00
1.084476679988657377e+00
1.084131487843243091e+00
1.083788366970944717e+00
1.083447301127121953e+00
1.083108274223427481e+00
1.082771270326033264e+00
1.082436273653881953e+00
1.082103268576959598e+00
1.081772239614592790e+00
1.081443171433765560e+00
1.081116048847458710e+00
1.080790856813012013e+00
1.080467580430505059e+00
1.080146204941160981e+00
1.079826715725769049e+00
1.079509098303129244e+00
1.079193338328514828e+00
1.078879421592155774e+00
1.078567334017741741e+00
1.078257061660943039e+00
1.077948590707950682e+00
1.077641907474035987e+00
1.077336998402126822e+00
1.077033850061403397e+00
1.076732449145910930e+00
1.076432782473189853e+00
1.076134836982922893e+00
1.075838599735600587e+00
1.075544057911202112e+00
1.075251198807893216e+00
1.074960009840739472e+00
1.074670478540438401e+00
1.074382592552063809e+00
1.074096339633827668e+00
1.073811707655857983e+00
1.073528684598990646e+00
1.073247258553575723e+00
1.072967417718300398e+00
1.072689150399025237e+00
1.072412445007634885e+00
1.072137290060903414e+00
1.071863674179372783e+00
1.071591586086245274e+00
1.071321014606290589e+00
